1000
1161344
5630137
6762160
8218948
9003542
5525609
6864264
3427546
5628018
2301119
1900335
7205380
5551529
1475196
9769421
2788216
5631423
3688894
7422850
2971706
2074708
9140126
6527459
2124348
5321237
7913865
7843703
5849810
6857924
895948
394945
7859382
2568395
7591709
6585871
8925443
9905811
3953361
7348762
2879426
7204791
7354693
7228279
9745289
4667218
1550133
1576455
3590388
2761161
5390803
8231740
1845588
4156685
4528585
1177786
5496241
7623940
9105641
9399205
7907217
59509
5646561
4700318
5446987
6216089
5845244
8366133
2226572
3231744
7975882
3406941
5149187
2852760
8870553
5498044
2749436
3706286
5525642
8424781
1161552
3233321
4714059
9478161
1014478
6989800
177372
1185634
1121187
9403858
2916916
5920096
8074401
311905
9165650
3656273
2513128
8858894
5743704
5488892
2939733
5642195
8404540
8408075
8724799
9624856
5212885
1906463
3190869
3155293
2101306
785778
9544768
1111743
1880347
88811
7461369
5307360
4374169
7984385
7618151
7098317
8944834
7029844
7167860
5224645
6506983
5861620
9743272
5210436
3558075
9168714
6523622
7411090
1625551
1181400
6478186
2216150
2301963
3654000
9005847
105378
4065205
8225335
5932016
182503
4701478
8605671
9374321
9307273
2946153
5739997
6651912
4668616
2865106
4009351
8640587
2586227
296478
427748
483992
6545961
9307013
746153
2558186
8068263
2127994
6597354
2668524
2133027
9359618
6390203
3295285
947314
9599761
4241466
9069674
9252288
4266960
4096575
2267917
279067
4059335
1317797
8517329
9424452
7436292
1100158
7642696
8105781
8428592
1830973
9180018
3493470
4321769
7580940
9549575
7834326
8971925
9922577
6554334
2676681
5918356
9367612
193801
1957530
5093098
8173054
728377
2940735
3766525
9263607
5788204
4468794
4197983
6663717
6675564
5888491
1905750
7187704
8141454
4374871
2549888
284205
5480777
6374923
1670979
561256
9062507
9433525
3385044
5092282
7129445
1204653
6948419
9177756
7332335
969607
561499
1609778
6449231
3231067
5434443
7397106
8926182
6152060
3350727
303957
1489653
7334321
3779468
8916097
1561280
2542838
9333613
8437044
1227035
2391764
5736583
5432678
5664852
7766035
2121585
6022710
3878462
7589086
847219
1496212
654723
7118276
7790724
4900057
895329
8862919
7285509
8454021
4209849
5220477
981355
6403820
1753665
342599
617129
1361042
3612294
9451028
3715777
7728529
8310830
2773181
7808381
5950240
6415559
3028496
1559262
287154
7932997
7741707
1823399
5666971
5142360
3377659
8643915
3852758
8382136
6050336
7128624
5816455
7038018
2392160
3826798
9426050
1934929
2698050
3396952
4090835
9577629
4428835
4931493
7046571
1484315
728753
8682565
7469088
2609059
2454596
2418454
3654044
7616479
587182
258316
3460181
13596
1347157
6415699
7652780
2920572
6119136
6785021
5755696
2954781
2297054
6395296
146068
9477116
4068953
2333929
598330
9476064
1735971
3238537
5742600
194622
7097806
1416987
2690371
1899134
9398447
7473908
3203176
9010650
4456098
6701613
3025737
2349770
6572363
4749311
4306195
6136305
4788419
8022633
3290635
2097004
1041949
7561503
7354228
9792101
2773230
6861901
277434
5896026
1457851
7349951
9064531
485499
9239339
8540091
7329946
1551978
4763012
9858760
2093098
3845182
8248973
5362712
8133153
567762
5057781
5413020
3684558
409577
6780966
418521
8823767
7064278
9307280
2612533
1270289
4939823
8420597
3806137
5566239
6998002
946988
2976882
2830350
77744
2522584
5171722
9431119
1678869
4489845
8122190
3984946
7988643
9170344
4214016
1029431
1231638
4088857
9531752
7835534
7094118
2990836
9394304
7629380
1621623
2067704
8520099
1419839
3406888
199658
9878050
4025080
4686061
5704301
5016301
4837083
5681208
7588177
7278067
8875618
7099108
3752267
6042219
8907872
8610663
9932255
8918938
6822009
9433768
2951293
8131320
283668
3279872
2173475
5467424
6826603
9451922
5298160
8788547
1204856
7698371
5707804
9525908
3777779
5852473
4714500
7644144
3393872
5315350
3714966
8651529
3781362
4664946
7398925
2071058
4175538
3407088
6684857
1441758
2549769
418471
1392911
5193624
4785511
4528451
3428847
9855615
7361478
5218904
882920
2680956
2792589
4942842
5227085
7091290
6226450
6567961
3010476
2649471
2364617
8676499
3750079
8021952
1119108
6582766
9676774
1340736
8626290
880582
1263848
1113575
5866831
8828791
5109306
1298902
6801134
1287947
1219896
5783984
9758518
6993940
2424163
9925685
31367
3490902
6664870
963760
9480451
6343152
2950561
4330514
9748745
8518947
6925677
427843
4970582
130102
5100725
7930109
3654799
8972467
4931441
9951331
252783
6244107
4482405
893954
2097838
7916815
2269311
4768514
1550361
9939327
514285
5185868
8896465
1873990
6608446
3941354
6899052
4029284
5341126
2298387
4899336
535782
6152448
1932928
1887876
5735905
4614677
5439028
1417177
9340777
2347195
8647906
483523
7856831
7078910
9574425
7385970
5089
7258319
9411326
8268492
5888248
9714091
6277357
9927072
9114004
5297473
6848504
918023
6420914
4175062
3686454
7936599
3058149
696602
9693760
2945744
9632411
3805507
7842313
3354176
7858386
1987287
8616705
2043597
4790569
5923895
4987882
9024906
2450913
1450945
8393213
5314699
3769878
2785119
2694283
9034798
7023755
693659
2321040
8369760
9860419
4617126
7012249
9108172
9372890
24708
3162911
6035922
7266413
120799
3604521
5309944
9834736
5831057
307825
2484766
2289334
6513953
4184101
3039752
6722367
7092735
2305176
5105773
8599991
5503905
3556854
1654223
2986451
922025
6484549
8400789
4761354
8054625
5789816
1202694
5723816
2554813
6456413
8281622
7747477
7630916
9209211
2182015
515087
114905
9579414
8507434
2013903
8859840
9915452
8883387
2726815
8369221
8207272
7603427
702202
648098
5790552
9112911
6765546
5973495
6458919
8408972
6141408
6479184
7822094
7341952
6729801
1285426
59174
5832334
873709
7880554
9853696
1511804
6256013
1168528
5898832
990840
9226116
8290604
1023357
774892
1680090
162470
338516
7713666
4864807
2639320
1608222
1880828
6691563
888458
5042241
1378924
2369410
2066783
1388062
7449525
3103970
3214102
2166936
8991697
8369561
8729821
7090246
7519631
1929663
4369971
7230945
48662
9331779
5330796
3703437
5819901
2386397
455270
5726061
1727978
9992361
3758807
2119437
1279384
4806461
2041513
8574090
307828
3162354
970455
2102566
3011665
1067321
7639933
9987800
125830
1236795
3647586
2573189
220543
4920563
7579263
5597768
6622382
5121596
621559
4022386
2724771
9314408
3688232
5329522
2892383
8493010
9808519
6402956
6419114
9159217
9125392
1970802
4252525
6368909
2100349
1805816
6339788
9531746
5361395
1232223
5824902
3355337
8197798
5130584
239988
9779950
4134111
2733410
2654018
2738755
3149617
3081861
6908475
2625211
1318017
6208216
4334522
4713227
2389374
1174759
7371666
7597476
9919856
7974304
5555169
6564794
3331825
4888510
1497577
4106253
2330819
1494627
1093949
4366184
3022698
8556578
4343610
6948642
4066053
3786198
9016979
8191360
5266246
1332221
7507131
1999072
1101037
2328184
3271694
3934875
7740613
7747325
7027677
780707
4665851
4976344
4122987
4728906
5948015
5247629
4197446
9444861
8800069
6651201
1872248
669040
2502344
1228395
9289469
6089417
6023534
5429665
4926543
764834
3194397
2074536
8545688
6349079
922717
5116040
7819373
1316705
7163596
3005719
6739410
2623997
9677828
2814011
5428258
6045186
8504129
3029724
7521051
6423850
6067737
2243878
1300600
9501965
9112865
2324658
6601907
1598587
3330496
7326668
7490107
3120232
6730599
971768
4341503
3102089
2508213
3059538
9820914
879652
9276084
4455828
3501543
9045106
3806480
1237354
3890415
9279486
5318188
647851
6716433
5229816
8643712
5860584
6140616
2629799
7930593
8727176
6868644
6912603
3393548
1527141
8138060
7360388
2172048
5927733
3866636
5042318
5284508
7328761
1722579
610698
8890171
3492226
783535
8338861
6792192
4895563
6787228
5574755
5958424
2123930
668303
2015591
179721
6330055
1479998
4021240
409891
8966602
6633030
5305899
4229712
2944485
4104606
8833250
8096320
4210862
3073353
3378743
4785151
7342764
7279166
165087
1501578
8533850
545998
2948420
9860365
376930
1005512
8993617
1558231
3476302
2549618
3677361
1477567
4100626
8648217
9728288
6586016
6187397
2364464
4620124