10000
1814524
8759944
5745385
4332371
6159745
1730622
8720869
2646788
9960528
6684401
1007167
7919810
5206426
724900
834124
9913863
6677803
5802229
2623958
957236
4415315
2109353
9661822
9732885
195148
7268778
925421
3077978
6863749
4949729
9117052
2738587
8240198
1035142
442903
6126737
9026485
9595985
9023267
2878877
4045906
347932
2748113
9989403
5470212
5189284
4235530
3620523
5096982
9427709
912438
933750
574555
3380220
8112920
9973901
5071444
5287112
7753053
3920227
2613359
951254
112511
4884383
5491614
4928784
6302152
4704890
8169145
5552978
5358480
4622564
5041851
9875517
2948614
1864210
8944179
8903191
12919
6466048
8374916
2333385
6228707
6692388
2196816
7351793
3101764
7458705
769922
4744790
6205203
2954611
3012469
710225
3721305
7858718
3467794
317936
91838
4235338
8037135
8042305
9305386
7086744
1025057
5622426
4634070
2944970
5541699
3496164
2501682
5569414
6714196
8056506
4578614
2299581
7843361
9327739
6150479
9663287
104899
8167857
6153269
4824149
853136
4663986
2488392
1133240
1653692
3602941
7016438
7636197
3966160
1486722
3896918
174508
3331460
7675264
4374647
5959883
6426653
5586561
7554012
3706071
7471960
7987243
2571106
2100621
1612701
4641245
8152190
9833041
474349
7208237
2965172
1949399
919370
8257051
4581006
522276
4116025
9735865
9482124
6680602
752746
6394520
5481673
2887230
8193697
341132
5589538
6900792
3882458
2940787
1430316
4940246
4596380
2868624
9368855
1197195
829955
3733701
6985026
1011641
4328723
5116158
7764445
4271163
9170924
1606665
4130180
3163132
3286922
75850
3692513
4558457
2958490
6904753
7936863
9289442
3679645
4035736
6794695
5792164
9882323
8772457
6181295
1583324
7777053
7954332
848914
1384193
5806014
6132693
1786069
4370413
7974533
3771420
6959968
2866454
3462711
5097139
3711318
5831777
3407810
1298665
5288684
7726660
9423812
1628395
3343187
5751130
2720724
9376332
2696861
1585370
4095204
5090690
5623374
1849769
2400640
2245123
6019844
6887807
2153149
5345868
6177035
1765007
4671318
9396740
567654
4532714
9388694
9934755
9332659
1371909
1355193
6743199
6596448
6658424
7119292
8195349
3165977
5841564
4433556
6988981
3973410
1949710
3601948
3091678
4217597
8053140
7378652
9641297
2907978
9433626
9561391
8878613
6953895
6368531
8830464
2184870
5653885
7584862
5128981
8349428
4337663
837047
9496974
7572159
989528
3080684
696192
1868156
3261131
9935157
2066035
8607627
2320631
559471
6036913
9234056
5966708
7239835
2765338
2127557
9886134
8497487
4358453
290475
1924236
8429242
8181027
8158654
9082396
503796
1341810
6067945
3617471
5299777
3501536
6821295
4627881
8680687
834967
7577476
7013824
3571919
9203283
1774247
6404748
1953057
253877
4303357
5152603
8900659
1086578
4184758
6721918
2154279
1771646
5211301
9333119
8202025
645916
5090203
6398706
8323373
6105624
1574715
1173341
724627
7600593
2057879
7429601
5008073
3574017
6848082
3878099
9143603
2730916
8364029
5552827
6914340
4684221
2391859
7766480
1626160
6573084
8346677
3867251
1150239
819765
1939758
4650269
5007938
2729746
618354
8064507
3307200
5069835
414591
73504
7116470
7767735
2274768
4564913
4602472
169772
6947402
3153090
9710066
5990363
6931632
3425271
3623634
2696882
8740678
7948854
9464512
8666630
7053023
453019
158365
1381186
9251203
6623919
2543343
8877214
3821236
945169
2011457
2757395
8156753
5299113
8864389
9745655
2991752
9945402
1746193
1168478
6398835
9490834
7338457
3309120
9952430
4923133
6944629
8886790
3834743
3139251
6923550
4285119
2529387
4460534
9414923
5635932
3881989
9945440
5619955
5587175
5652969
4399685
559402
6998978
3796954
8895298
5789097
2982578
3483900
6797923
4963133
2571499
5171780
4387241
1170159
2043406
2977711
2031989
8173821
1509794
989282
8080824
9915177
2836197
2232263
7429733
4561739
2135651
715077
4056261
7686142
6644655
8942409
8320991
1010529
8684778
6475857
8454562
9546384
590954
6232352
1469113
5624071
1681510
9075427
2957461
2069084
5852582
9188293
5905140
1081478
222981
1280166
9569132
7250392
6121471
814443
7303028
3813054
6514717
1641107
4841467
2989174
3164464
6368416
962189
6751270
924647
1349366
1327041
3843358
2158615
4947342
4867932
9770967
7859073
3853766
65734
6754678
5267273
3531136
3917918
1978640
1705452
2322781
9350170
1087806
2294686
481803
785444
217864
6874734
5653231
1199234
5868848
7942039
5291361
3319452
464124
6165322
3777809
9816804
7359210
688148
7312176
83315
5339089
3357692
6534621
2459578
2240575
3063729
4571456
4350918
7876482
6803972
8534968
1557987
1029479
4498665
2279505
9110230
7235632
8846026
2907910
3256529
7953876
6099325
6786820
2537967
5961298
3328235
6561073
3360928
2215674
4931392
7123171
2761105
7551579
2093514
5395852
6428003
9017243
4651547
603978
2053013
2635902
1193447
4577393
7785329
5260041
8380831
9740117
9835687
2073197
533493
8967442
5065210
4483571
437321
4084427
3931423
9692474
2781071
5096748
8787955
7229403
5569598
4755833
133672
5727833
9717737
3863495
5256304
2030851
9781104
6608505
4017247
6703614
6221339
1795784
1500785
8662488
8878387
4409462
7913654
7733915
5853515
9817600
6081611
508197
5821475
9959809
2599036
1239983
2718896
6263847
2418423
385804
9146575
4178154
7239944
4407632
2540952
9600596
8881611
2084098
1650470
2963412
4309048
7744362
2453345
8899167
2703686
4014621
131778
3467494
4171533
3840183
9352122
4132304
3595814
911177
5777924
2217590
2801144
3036341
5041111
3941716
2228844
1827927
4263616
8950932
4782462
6812697
2498462
869322
555760
405991
3761216
8851244
4885946
4279721
1529733
8085316
6549664
6926764
7705874
1081056
6142561
785030
6327504
5904580
8402699
8150955
3902691
7049945
8669919
1422049
134459
369998
1929725
6356808
5751497
8627665
7330969
1993662
4421727
4278197
9340732
4370510
6286384
8226042
831181
2596614
4542989
2918584
256258
7229583
1065190
1807405
4829279
8496416
3657429
1020002
9152705
7534929
3271798
9593207
1428597
1041310
4511614
1652662
5429868
1697575
7951092
3230746
2959258
448054
1052109
1217411
5361087
3103645
612456
7768229
1669451
3356709
8377562
6893733
8898517
9909181
9242186
9608666
6237981
300290
4207667
6209369
5021924
6439980
565887
3548856
3670531
2898197
3725445
2981566
1455797
7835400
536489
1951546
9791607
793923
2637657
8635745
5793683
7407254
8820712
6580323
33527
628088
6855075
9923762
983164
8031464
8074558
3409465
4866072
3786480
6496796
1151046
1179950
7557253
9716800
1881483
9275373
4833866
9128480
2137726
7590614
9270025
3239652
654840
516416
581454
993821
8178360
6764892
5835735
8989772
9285678
567441
8466504
4515271
2838826
6308924
6284737
2641956
4163337
4149318
9627118
9785532
962052
6986237
5328916
9393207
4807690
6015791
7947659
5887083
6331656
7917979
9458128
2324404
9508990
1525722
7357666
8871201
6101946
3802461
9922018
3603290
5299192
4983394
9736910
4609334
5853326
2193235
6261878
1704206
8934106
1141189
2103122
1583758
803555
551034
4073935
6498225
4058162
473921
4641687
3547945
6883681
1011264
5756774
3281350
7645706
9187447
1336813
2143000
6604519
1860688
9768723
3195639
6871986
4877774
2442708
8690814
6088916
6145355
8996785
1381136
6735504
9568077
1855878
1921318
4135101
2387260
38133
841212
6512867
9701487
738532
7732438
4167616
1619749
6965333
6314610
5009812
7912817
6596334
9299181
3352913
5444609
3470034
8978767
5120259
2627887
229800
2615799
5305389
8503018
6960038
7580256
2842867
6692838
83551
9755609
6815033
2402700
575965
4117029
1620696
5804703
6837258
5601301
3991053
627966
8883867
5865869
1793675
1238144
8366537
5724423
4765152
6773283
4616202
5523658
1159257
7170601
4940379
8689724
6019060
3104412
2939766
2062152
3009663
1760880
12622
680635
8592917
5968545
3546813
8252319
2038209
3644472
2846474
7413159
5780631
5606690
5249092
3062783
4236760
1476101
5321682
7543137
2352980
22542
2166771
5111966
3389580
3889795
5494098
8377307
885887
9317803
340922
2258708
480430
5513523
4357954
279317
5411735
192516
62928
6846683
5498808
8795811
4363100
6352153
3628967
42891
9286157
9309530
1689535
8864065
3032083
649527
5134113
8360301
3940909
8382581
1021630
644586
7840730
466573
7257771
7714105
8168820
4365381
2962309
7484284
3242750
5467196
7571245
9453009
3817739
1342382
6921231
3180650
4525582
3910266
3524119
1456875
7320594
8022380
2523295
2882907
8310998
3177544
8173827
8272372
5496139
1536353
7098641
1481036
1895822
1150059
3565121
7328352
9615491
8718083
8941504
6273288
2942468
857536
2502138
215131
212611
7504035
4994364
4078455
8675717
1150369
4864046
8702140
4738832
3702978
9028517
4174420
3516563
7969408
2611132
8136609
9423013
5035087
4711897
221215
2472625
193858
7563026
5819735
4848001
1410543
540863
4286322
1162315
2099060
6721236
7084868
488137
3428678
3450576
6856176
4247415
9654707
100772
360177
6825161
3298787
6697352
582609
2204703
729793
5241002
6404843
3863059
4182838
454699
5347674
7799297
5113698
1370647
8183392
8734714
7969738
5248199
9620087
3650766
6101565
5200267
769739
4373368
6235919
9622461
3254436
3720304
9378745
8235216
8916143
4666456
397593
7239037
3728192
8226623
4399589
2779658
6598534
459714
4037141
5931525
4767014
852236
6606715
6253201
3575688
9069570
3268505
6600522
4798788
4921755
3968194
4654749
2873235
80292
9310264
5764630
6326341
7986154
4291432
3345094
8266615
7269684
9765459
1178869
8998160
1407799
4847120
8644547
4437141
4165244
6311553
8182667
5701260
5882564
8921692
6760709
3677334
4174067
8667014
4453637
6011779
7785013
5395524
7928135
7535616
4288964
3280638
9602645
4966236
8109361
1057517
2745699
4936880
6348114
6225427
9331174
6957872
5860418
8647136
4581489
2447167
9839541
1747799
4737566
2472882
2378576
5147988
1759746
762067
7729634
854261
4267298
2236703
1393657
8125207
575780
471770
3133263
3460980
251117
8124241
3281968
9837930
5654017
3533872
9111488
8649626
9707137
8392813
2738131
7434492
9818898
75209
2779942
24839
3856997
3029246
4174054
95427
3250972
7654585
8157083
4689717
317621
7177206
4974830
5613884
6221669
3782296
7670981
3834494
8430694
1809494
9930210
2293098
3537272
3315672
3781887
4742229
5553462
8400380
3002816
8148460
468353
7842680
7508865
7662404
6959795
66867
6941926
5598927
7539830
1437345
7778035
295464
6418597
52496
659808
9547458
5221164
5433855
6165668
1264217
2665432
8628603
517374
5680786
8935826
4274015
2174782
1062693
1832722
3344922
7988527
808793
5141652
3065879
1742524
9717684
4055450
1162416
4242558
2611850
1652334
8752048
8597160
5073780
5620077
8806790
6756203
3000477
9092238
532069
6212469
9943873
538045
9546246
1149014
3969892
9868161
5773661
8435912
4581948
873911
7075231
8393709
1206250
846339
53132
401661
3100247
3185727
8133906
5243196
5316192
5242297
6320115
8566448
8341463
5290030
7787727
3805701
182884
8940804
1421453
559615
9294599
7816175
1846722
8597414
3003064
1090912
8436044
9963210
8691235
9781488
3885008
9729917
3759440
4458753
5564136
9396686
4972346
3964018
1144738
9778862
1601080
1415438
5810488
2087364
8964614
4927558
7834945
4642513
389988
868286
6071576
256246
4652649
1628296
4494011
5704368
270246
8941837
3892489
5950661
4457052
2415374
4161996
1037147
4147153
2702121
9963976
1090321
5677389
4910905
9784163
7666104
8808248
3647804
2755884
571809
2158719
1262125
4090019
6965181
5764750
324669
2426505
2807523
3707740
7248236
8579163
9565328
3285402
8046964
2207252
2971079
2880336
1244491
1167608
9535551
721356
7189279
6652258
3040037
2557877
2511361
2329524
6337201
9444392
4373827
2766654
4774774
9359343
295530
5612833
6055181
5085780
4363765
3890518
3181332
2226820
8633521
5377944
853024
741491
611063
6378022
6617458
2958909
7966706
3049955
5566030
2523121
5680715
3111682
9556387
4088894
389044
4237323
1402740
7830606
1761627
8394166
2292299
3904846
6611227
8563195
294846
9352696
1109435
2930828
2304576
8323441
836400
3120246
621008
3897738
3862480
9930232
8546435
3103520
6225041
1484935
1903506
5266925
3867961
5875089
6247557
7068345
2141235
2567977
2677709
4194993
4134196
2368238
614128
8324287
5890061
2572191
3366655
744343
9392338
6569417
2392398
3613675
9725447
6420536
1156894
2625101
8467201
474838
9510023
2554484
9667845
3823565
2654014
9777981
8914739
3038823
1767404
4944948
3042987
1560007
1895201
9182726
3215282
5857160
9391125
4224797
8747672
6745688
9882264
211829
5855371
5260309
9019423
1331360
3847821
6749250
9038043
7216365
9384978
5885281
6540087
3129568
9404047
8553948
1222776
7794436
4780789
8955028
8046820
2828204
2780071
718847
2547619
851823
4762016
9053236
3821835
3751363
5310735
5162814
5286583
5397689
2593076
7494997
141708
2365470
6263463
3906075
21389
9851254
2575889
2016724
4594094
5192628
6764040
4152355
9790098
6444620
6053479
236591
4344562
9011969
3510101
9267108
1539433
6548059
3710413
9724175
1974414
3103627
953355
3349708
3831039
9621985
250062
4718941
4590194
9958185
8871380
4484436
5129190
3756824
5685665
4149388
6041499
5343383
8239782
3571882
2039536
4140153
5526713
7319134
2460512
4751542
2803940
5824747
3248643
7375584
7103394
66365
7659130
1377513
5519313
1272058
5817018
5580587
5155241
4328084
2320992
2435938
6165816
5102774
6418460
540040
8299236
1793932
7201939
9702837
4395040
6346198
4561874
9563896
221622
3973194
5234261
4363105
140659
4081813
3138136
3353427
7659806
1354265
2881843
3863008
7434842
7375368
5463386
1594858
8789850
8737121
2610289
6173517
9307386
3797513
3652460
2473224
6953596
5434393
3821813
5217723
7178886
1645169
7908142
5417373
1203760
4466881
2181986
9838939
354165
6520972
4789518
4200342
1902471
6486506
2600076
7050449
1696032
4435367
8573626
9608696
5476051
235958
2805125
1250265
3475663
678366
5951372
9944030
9494778
4111037
6156866
6408144
843980
1581523
9154205
4611726
4952109
3940330
648078
8283367
6501673
7662485
614944
6473104
3850515
4294940
9962219
5904813
764647
6593420
411109
4628614
6483060
5420545
1691077
2707205
7856439
1634855
8351383
7862576
6229845
3853652
5108248
9770315
9081954
8083739
5927599
2571407
7015322
5432698
902190
6413645
4007644
9406881
4628770
5362133
5446630
5048286
6470129
2247212
9779976
903346
4692431
1729793
3202787
3919161
9160446
1059456
1501104
6598567
634985
7935593
2659543
4107964
3943608
3343583
1810676
8621769
2009317
7267567
8315985
1991415
8367234
77787
1596900
270450
8557303
4576413
3397789
470958
4396113
5490482
3521694
4792973
4231616
6153143
3614821
1033774
2679058
8970622
6520731
3664658
5127934
4102254
1323453
9446046
5086353
714980
3110124
3321686
5906454
6176173
7210413
3827991
3757332
9546413
4014632
2731457
1160921
429069
5054749
6241606
9389927
1176465
4260365
3266699
6348625
5398818
6462106
7382509
3828661
8141112
3981975
5981180
6468084
5879001
3986340
9080660
2952
8393549
5452881
3682903
3057678
3676357
6484867
8898640
5136891
8325469
4779309
9949333
3063224
7510088
6074996
258884
1647845
8119003
7751720
3331634
8815896
8870283
886170
2930525
2842717
5279961
7910557
7515481
5191645
3305622
2825238
2446802
9626181
7419676
9845727
1356669
624781
1028296
1859222
5337915
5569365
6317199
8698443
1912753
9551257
5913955
9982598
1745701
4480960
365981
993096
2395037
5485766
129323
9193934
8851012
2840777
1733457
7423966
7199646
7701984
8415007
7334393
9234501
2612768
9147520
2890096
5222772
90699
7192898
9218704
7176285
6691821
1772309
7253998
7617976
5213563
9326570
1466151
8222881
3444226
655537
5715901
7397832
1250582
382055
7652209
3480479
9045942
2610192
7013070
756286
7914902
573627
4808001
9298834
3634793
9379469
2405873
6809591
3303172
8756842
1913477
7865927
345569
7867670
7270939
597210
7990010
129110
3868066
533051
3369615
7779601
2988850
1978931
2023879
4782738
1117469
603306
1034802
7112336
9353632
3301755
4156839
1246980
6258005
6080189
8762659
923532
930291
9278531
62739
8330177
3662529
5810445
807235
6837159
8562295
3003935
509217
428963
9999610
4147784
5740318
3487240
9932333
8234451
5669999
6381398
6702878
6385229
2936438
279758
8298946
90837
5821446
6400032
6931457
3486309
3778889
8391415
3471595
9180368
6167330
7093098
8423613
5906308
6085423
3596011
8120936
6238222
3962933
321058
2098037
20737
402713
1602721
6658543
15101
5431519
942160
6697396
8271304
6067417
7655864
3435136
3633219
8198938
8059723
5488771
2211193
5557774
4221479
1293119
3788425
8064402
1430496
9236917
7370832
4707655
4948844
1559920
6327623
8337424
333954
259770
5115116
4207909
7287958
1638900
882526
9126139
2771646
8940192
7783364
1829616
2815928
2195111
8782898
2219
1846666
9840769
5624265
8748131
9034450
1182364
5751905
9285306
3233591
227906
1245429
9774846
8341571
7909406
4079762
9903060
602739
7336002
9830803
689565
2001559
7116592
8835557
6434243
5064385
4950106
9274195
1529918
7187115
4317873
9746832
6036427
2658769
9638449
9420429
5970325
1653324
9666338
5867929
749495
3352255
1830318
9018717
3258955
5456824
6730186
9421865
9789861
3156536
9451695
3035563
8242305
2222761
5277732
801311
5235246
5602019
9042939
9492901
6599254
4020573
9836894
1620970
2640671
5164540
5403789
1983818
4941518
3629661
1404188
1703799
3270099
7616938
6751397
2895049
7118629
3094727
2879111
5900413
1826270
1936529
7334849
4214674
1342180
2585267
2064253
724749
1515060
2453405
5170037
1042049
9806115
1599883
6649734
5601672
4480281
5755653
3539260
8721089
5507553
7900408
3747007
122647
8792217
1191803
7847050
6032373
6908102
3379728
3996927
1495256
424196
9136854
9028822
6226566
1731055
5199225
9672915
4258026
2507543
7628943
9800302
2959431
3724676
3693686
3474201
7465265
1654072
3386660
4670516
8401168
6258241
8805076
7994007
3452196
8218775
4019814
2293937
5417936
9181207
756300
996925
434863
9500042
6904836
2345451
3329358
7480972
4557196
533438
5623216
8602735
1304379
9924368
7486509
2683994
5114803
1825750
9831814
5592702
9540074
7653857
9849244
8411448
2325053
1506647
8450978
822020
7599643
7919197
7470662
1065232
8978996
9563344
2021182
6250473
568005
4492387
5993256
7052179
4280779
1397435
3718168
7918309
35593
2593127
6504440
1813594
3078543
8973884
7183591
1980534
9479166
5678921
1751159
6087597
6683703
4461883
1977493
3824901
5959022
9247540
4646806
1945982
2091797
106767
4191480
6494492
1510493
8777153
279361
6488948
3782240
5486675
3333468
7108324
5275672
3165054
5284896
6502540
1322802
556912
1674449
4326105
2366076
2582360
5438190
3804732
5570069
6847037
5423147
1329399
5265246
3202648
3697150
9190185
9284185
437788
4518181
4088594
7928163
6148455
9937421
5177052
2577223
4092515
5107613
6366188
8751623
3199345
8950997
1725625
6092967
8580313
7803215
3468039
246040
575088
2792306
6216267
1383387
3561083
7166054
5512952
2746965
1318866
9290083
1313552
8011361
8526186
5845716
5737475
1710682
402458
6462341
5579236
9180528
1167470
7352838
2038885
1617931
5199308
6666297
5430183
9599775
2861497
3169396
5690111
779547
8040812
5099724
4048108
895350
4863028
8257922
2848403
3496620
6410163
3360170
148795
7162208
3458694
8088197
2008933
2434464
6128939
5991696
9185939
6926519
6527063
9358137
6168686
9900492
4826767
8780212
2936420
5498366
6600265
667653
7211177
5839718
6231643
9438124
5998747
2450524
2721593
5303492
9588655
5953598
169019
3208060
9487908
1628537
4819860
411373
9419198
6773931
9288935
6226100
3320353
9507859
8334040
8260040
8749471
2671546
4371657
2205531
8777118
442175
9640854
223574
4134032
6055716
9742695
3588470
6006659
5392349
282808
3084884
3285200
4530451
279282
2497234
1383069
5756197
2546585
3782453
8624518
9933372
9505088
1434148
964232
4457813
4880571
8162615
477464
6776051
2523154
3160248
8920702
6648873
3226248
2482816
4305015
8459418
2372582
3088897
8196946
9706499
4176199
7360479
1389643
2610969
8074477
7985678
7106076
79031
5416620
4602125
6105411
9111607
7745970
3039072
8022659
6120726
7175780
3225943
6362241
2365011
817804
3123056
1302599
2138954
1616576
5689669
1833427
8648164
5248348
7886317
6961357
2417188
2633815
5610740
1741476
2529813
9393091
4687804
5832356
8376930
6264792
457858
9528916
850808
3279574
6636351
7960730
4378372
8201757
2406438
8772576
523481
2049428
107395
1330676
5980632
9680347
2928978
1827847
3017658
439821
2170194
9512975
7259476
9804819
7318605
1359861
2220901
5146123
5966539
6663441
2447956
5556154
9008099
1274542
6001159
6574187
2439390
6018820
971592
1347733
6262624
3898997
1700964
8100764
418507
8508081
1384339
881089
5390918
3244017
6625856
1244247
8039978
1172644
8732407
9547813
5296118
7644282
1646460
6355170
5213817
5085148
3778109
2376500
5998221
672287
8127906
5778651
4963353
6153479
8558054
9941505
945943
369737
1036120
818457
2379398
8653521
3134953
5178244
9189789
1820685
3541047
5651463
3584042
9346016
9269313
1221943
3284545
1444637
6769803
4247568
9849415
5018860
4565320
4457681
5888058
2661281
7827810
6746495
2651605
7628306
3775187
3810540
1768783
2300069
5621480
4912265
1561993
6109737
5111134
1460667
5145840
7559707
3168151
9809024
4528016
7208237
8254443
4976639
8035343
3667043
3560916
4458522
4550841
8135561
3773497
3655552
7899527
3848703
9545968
6843377
2751204
7850197
6188801
854404
6293659
132117
6953173
6237194
9874053
5528482
2381898
1571117
2199650
1990564
6651229
2793638
726883
3626017
6596050
7811510
8037236
4305984
6791814
8531359
7489145
8613400
2406264
319142
9150421
2494371
7760417
1969130
6108564
9723014
7506245
3810939
9504070
259134
674579
924822
7285473
7605664
3834294
334113
4726378
8742351
8287179
7885431
4536597
6028234
6801039
890458
6606600
2923766
4154631
4289399
9168575
1461470
8666791
1956836
1531237
3389076
8234431
5578596
67656
8545413
609416
4423322
2554309
9908638
7339636
9341954
2781455
9308644
7170295
8909271
4583965
5168510
4423647
4554991
9468627
4330817
3144619
7565773
5716285
1573280
4809296
1325376
7069742
5751007
9735906
7338527
1634436
2854334
6222737
8359764
7587618
4879841
5878095
7115436
6892486
5388500
9100623
1260153
1709727
9482551
6632533
5878166
4634256
7920203
6261809
7825910
4075895
3249231
7458319
9219086
1113811
9787436
2424328
5967935
2015449
968167
7776759
118489
1207570
31050
1287350
5197220
7806616
3732671
2798303
3070694
330754
8501293
6841329
8854260
2738486
6312613
1031540
1114597
5790646
2055365
1677055
6735505
6488661
2502668
7365630
4233877
9394974
5355498
6528351
6158009
943445
969047
3147213
3938661
1703073
1766477
9150169
8735102
1634206
5269472
6351164
9419110
281066
768073
4217297
7289930
9669870
2482306
8094765
9749067
3318865
7053363
6936212
7206849
7722094
86677
3482506
5979425
3433463
6643969
5324787
1532234
48022
9759314
5834237
4913252
7798047
3200573
2990161
6727117
2560005
8161701
6621588
3796863
9417739
6258900
8579402
846201
4451978
8942743
7767917
4381191
5753890
9869970
6998525
6698728
7608117
9736297
1224775
2221720
106236
8950571
7797665
3162103
3274610
9204552
7003429
4641162
1593188
8229392
5631154
4774646
3316678
2703851
6981327
6845396
1850860
897945
7627236
5873420
2599964
7940346
2422561
7236040
3211647
7985204
4557574
9419179
5800272
7740085
4357094
9180979
4095482
8255214
219942
8058444
4782980
597282
2426744
8508004
2336419
319849
9849038
7795134
5569259
1056290
1643993
8649311
4952131
9666938
320923
4876457
6807693
8136508
8389455
5497728
4652935
7887943
2901091
682810
6434570
4964916
1269239
9405559
3674716
8091782
8264503
3841824
9743445
5128697
8724946
3220082
3979825
908359
3956921
7368786
5580678
3210367
983978
427066
1894995
8488272
4589485
9260249
2721157
1077196
2979924
5637742
2005649
9711596
8006664
2903910
8593075
5800475
6590268
6816348
6387848
2934988
1058889
3134151
1150619
3305740
6278215
8043392
5535764
8087398
6201730
3826193
4741695
6628877
1356577
7248554
7222258
6150663
1041250
3997136
5348710
2527143
4285497
4257029
7204052
7020677
1811317
5655798
621063
8105853
6675160
7492266
9269912
6845463
3478755
3563417
7227456
2888090
4845658
8537740
8025999
1271607
2078353
8073240
3186994
7003481
7811820
1155691
9347046
2855985
9283269
1823577
878368
9956266
6952272
7588203
6515205
4011229
165410
815983
2295007
7632376
969306
4799943
7385653
1384033
3522729
306642
807989
9830737
8374839
6540121
4782733
5050222
4897493
6609901
5132223
5727833
6308913
3976299
6367546
3159776
7422057
1165612
9276891
1681547
1159181
1375994
590580
3671495
1698055
2252241
9925272
1574191
7643911
9220448
347608
9178960
1535696
9007718
824184
5948666
1504247
1358868
2305091
7959607
7941227
5911727
3608674
8051700
1061602
475224
4731409
9241394
7470312
5413124
7557409
6768148
7082239
9677892
5692502
4765859
6170573
5153481
96081
8760384
6497221
4374669
1116659
6724231
9977153
5931942
9842371
3550280
637419
37962
6167136
2923528
518375
2199807
5380762
6194269
9874623
9596214
5326308
784724
2151735
7590771
5650023
9538838
4781940
1870034
5857258
1272426
9850072
8755035
9464404
1576748
6980533
812473
2092849
5542568
4962833
5009715
5264344
8361365
8446821
7860032
6771469
990013
2452876
7244486
2016744
1929763
2000509
4830921
5878961
1050715
5261118
7183797
6649488
5641514
8955436
8135825
9959025
3004030
3633396
576272
9265233
2590775
1596506
6834997
6934819
5871282
6384756
8322411
8819804
1736723
3153331
2935011
4936883
9768519
6568372
5594823
3657585
7509541
5378604
9969673
3410076
115750
1801003
7084850
6966130
3045154
3339857
4957648
5073768
6495021
9253506
1772051
1982465
3506561
7864069
94482
3263884
2607286
7436759
4310313
6333044
4418340
1237710
2890943
6196514
8206096
3651301
2170799
1040185
2104900
2691935
7816684
2539931
1897995
1850417
6679487
7331439
4298142
9900544
5346889
7439460
2756421
9025884
45098
5499511
5196353
7416156
6863153
5422338
766292
343214
6843030
600304
738745
6369592
801730
989594
4081338
5755922
508552
184580
1499355
2943337
8396067
3999554
9827531
9878107
6484734
9817642
1582609
6024773
7842340
7657874
9041193
6447543
6319738
4764619
3480539
8456524
9882878
8581695
6347757
3377277
7202407
3541180
1432932
980544
627457
603105
1077429
2165005
8541279
2432140
7849752
2181742
8226207
4764581
5563455
1304700
7743413
8296786
1382811
340036
6574644
4730029
5564922
9976608
7304413
787491
4752362
3440732
2431326
9852647
9500921
5409577
8422208
1880587
1829295
8795181
1728726
3536502
7813011
1730661
6243182
9300288
6489215
9167391
8987245
5715913
2428631
4188374
2327617
1572407
2631537
7571259
6272765
4996518
3408686
8522003
7280621
7011410
5801846
9065724
2485478
521753
5977160
9961671
1069549
2827650
4006180
9278922
1275765
7829903
1593109
7197834
7208355
3454893
9477321
9012675
6266831
7122081
9902719
5826193
4839552
8480022
7879524
5097910
7705680
4798009
1627158
6749963
5951223
6659918
9379407
332074
7878501
7111356
8604296
4533569
1976153
9853522
1490815
9251004
8121609
5203472
3017693
695924
9531577
6701049
3561047
1844856
2934454
8316192
7457458
8730930
89057
3805401
1190667
7359818
2943164
4285672
6394454
9417432
8594266
1267619
7446773
5992854
1636128
576316
1265029
1374681
1126190
8191652
8326165
1421844
2435784
3302361
7356898
1556787
6052958
2330057
2373640
1675920
6514040
8663273
9708406
9931721
2589986
9560934
3929555
7726713
8584365
4999210
7901685
1245849
6458082
3660457
2120824
1493831
6718054
7962480
5609584
4391670
369552
2095988
8530726
2147203
3363505
4852409
6761598
7365561
8645782
5828824
9188127
9497268
6335193
271761
359492
8584689
9866342
1174760
5139397
6138971
5001101
1741430
1712119
1386203
5880536
9729765
8907826
6753378
5680877
9780046
6966291
9755840
8245735
3113373
7178416
9223522
9823967
1405825
2688850
8673878
9446993
3629459
795998
2103980
208456
9627876
2882922
4278690
9319408
8600079
560351
9801287
69054
4983699
1168501
153969
6876422
8259762
9561371
968571
2731783
8613528
1425310
2866881
4848007
2359560
6011364
6644452
5469882
5864679
7072426
6876467
4766975
5659451
5148919
5985912
8433016
6129154
1033473
8552353
7015
7654480
3797225
3417339
355247
405177
1060390
4842523
524188
8944464
5985262
1877057
1185700
9274830
911358
8846320
3493245
8888670
2795351
3228919
1931065
8461957
4216146
5436038
3949374
5991341
5862564
4620902
85557
7924991
4033585
4227798
8804445
9187992
3417132
8509415
8733970
3429593
3706790
8078453
11600
8529647
5115908
5433707
9727781
3817066
3432049
4566262
219568
7680585
527269
430225
4823382
8578336
8713233
2785795
8363375
2033239
9147458
2441523
3014121
4883260
5976904
7141832
9760895
5399012
9272499
9983069
9938256
3639672
4059688
7053023
8170871
9394627
5988698
8513238
4609219
4771622
6010096
3576920
4767305
9217341
7547684
3929213
5462049
2655078
5105379
3757314
2829248
5697171
7450207
8143972
1328176
2339132
2090384
3632034
1151496
929135
7484944
9169794
9313600
7436061
6213767
2270506
6930239
3041439
7683201
8654191
8056429
2649547
4081809
3262334
5376706
4702762
6781312
5321792
3412494
4502437
21720
945633
3562132
2411107
8211756
1047477
3649174
8962936
7045170
5453207
8182468
6681483
7088203
4486565
4088510
6072339
5537074
5990381
3485877
4358949
3215079
2743207
201289
9954738
6295343
2921140
9138467
5874725
4292947
3850621
7081109
1972081
6521696
7380811
5245186
8239745
3138141
4877430
8942855
7026794
3379156
5516556
3252896
6801565
9229390
3381236
8633397
5868224
7714443
2791967
2130114
6648559
1885809
1780820
1074247
4323718
2789856
951081
8506065
3913365
9021398
1643595
4695830
1634949
9356682
5723654
2243292
7772865
7152420
7721791
5717411
7453514
5810731
3571182
9190988
3605746
9294352
8490532
2191715
4972179
760949
6729257
5347991
1277959
3144007
6497969
9891702
6612610
7995115
1701042
5075260
5445033
508618
6488767
9202885
2009542
6894125
3388294
4224929
9013938
3301844
8199571
4360264
8770707
1476334
6813148
8916005
8905883
6488930
4479654
202626
7437986
7273749
4656982
5667574
1267403
2467485
3258146
507488
7736468
7633633
4619968
6184322
7098064
8835258
1529834
105270
589468
5366896
2866438
7157486
9364966
9065208
9514355
5441339
9304344
9998221
1690419
8352545
6968653
9956196
9940476
1757753
7434322
2512362
7757151
9253210
1838153
7509090
5574022
2713229
3207191
6010241
7661087
2249448
8570409
448297
7266291
5189549
9232750
3835142
461841
156843
8613884
723422
1066778
7073123
8439111
4905391
7859132
5496618
4209737
4697210
1859878
6443273
3678841
9344167
4133019
5765236
8967674
1753220
4990211
2632208
9178826
6681033
7858849
6035689
6051290
9258346
1638469
5150690
3381239
9517822
1498882
8626765
1037953
1306039
7406234
1185845
2184502
783534
1891940
6476670
3297286
4849241
2008573
3892476
4583853
3272800
4543937
9477176
3974809
5659431
8005003
5100178
7470324
1481092
6888619
3932248
6703868
7300616
3286509
8307809
3999729
5083150
5138632
4097594
2021940
4708597
6264975
9715189
8046503
9778694
136464
2134045
2981593
943381
3719687
9806481
5541728
1884998
9893674
2353453
7855526
3300467
6352962
3128866
7792842
5164483
6099293
4116352
2648220
2745691
5018400
7854379
4618632
5837681
987577
6222976
5342292
6562027
9934738
2115002
8899247
9929975
1301466
2083008
9354753
8178572
3685119
4698479
7927865
5581560
5642427
4233462
4044984
1842515
5932718
9742281
4305739
573221
6590324
938553
5027885
3780887
8058299
5909490
8550396
3176431
3373192
244610
4806792
2789303
3771715
6670952
3813713
6041068
2989215
5692171
6043879
9941314
5588597
1415031
5364486
2597323
8628860
2771190
3643287
8509455
1659590
3470980
9613572
4901386
87466
6020087
5134851
6072556
2768111
8087107
3528981
1857908
7858643
5800791
5919301
2578070
7312603
7610892
3651275
8939595
7980776
9642610
7679094
3204642
5273553
5337201
1760782
7448129
3538343
5321613
2412454
7890060
3541601
7252483
1723747
5126999
1797473
8348618
3407000
1706487
3705469
3290793
859754
9761208
6109576
830088
9387473
4081118
169649
8410160
7724617
6141846
195864
9859646
2435615
8381960
2042917
4088064
1037269
352574
1139673
4143934
4626828
6041311
3073262
2796219
5075615
4888425
4070086
4551219
8461455
2596946
7439135
6435165
5990737
7839266
4617199
5302145
5546414
6814879
3842558
3529470
2548491
7486829
6967751
5867340
1584416
5542667
7675688
8694177
5254578
1055972
8018228
7128546
3313249
1441927
9128298
848880
6195770
6583146
1205943
8420839
9270510
8259754
6793032
9415098
4692756
8613713
9644713
4990402
7133091
1392462
8495587
82343
1839576
2910798
2895034
9628928
8496358
5337346
5165149
7199584
747698
4429030
2527708
8182137
8197796
2147899
2934512
9525334
5760469
7355617
64294
403862
8797174
293280
704368
7423015
7413392
7297310
2251617
1638092
4470551
7221299
9908050
6574789
1514318
9309316
1009785
6789842
9011747
2894970
2732740
1801470
3855264
70451
9055887
4460044
3715256
2147675
8579833
9204851
8322192
6644716
455826
9484070
6196138
7358782
7338751
4171259
8714846
4398923
1252308
7312741
5911280
977875
3747502
5712206
9175659
8159976
5385181
9444815
1279120
9418660
6799920
5443668
3037082
7156533
4332386
2662860
337677
2584237
2510514
8379107
6261205
4928169
43678
8565649
1243287
9760272
5625235
7923290
342619
4771275
5398578
1183205
4846748
5492104
8108344
8657590
6338015
2891304
4728150
9679959
7358972
7093450
834422
9802356
12018
2481300
4949659
3894360
5913478
8577541
4813969
1925423
5748936
6961600
5684869
5404043
8276747
5037725
6694383
1750550
4105611
4453142
6031352
3362998
7327790
2575431
3895545
6758969
8407886
4712292
8421827
5458641
8458766
4230850
778336
2839173
3254819
1456746
6883892
9574524
44767
2845567
5821449
6821839
4964628
6779500
715235
4422276
6506500
9380725
5778848
76236
8273283
6910409
3996019
2427585
7156106
3473337
857833
8829816
9571231
7168164
3138483
6234558
1013880
4631813
2207891
9174179
341071
4576299
8534824
5762720
93191
9038603
4468628
817342
89717
7564406
3331104
1343269
2657921
9157610
1278178
8969889
9903240
5750531
9054819
7143802
6674081
5206068
2057010
3722944
9653032
9975220
4388427
1391349
7127263
142918
4906590
5986872
4323569
4636781
2135099
7574384
6169318
9555166
5867826
244798
4805078
8910468
5116821
2528508
1232352
3597521
7982151
2719196
788669
1682006
8095454
7506983
5079845
7164631
5955656
7019408
8236581
6055458
6275413
4642505
1233912
1248268
9814484
3000552
3307035
3817660
7127910
8516500
4215463
8287176
7679302
759881
7732641
2362908
992936
9985559
937047
9338353
3679143
1508623
8187933
2615117
4578996
1328894
6872150
6498630
3334474
9292977
6320638
3017375
5908149
7532006
5325978
8957043
2310555
340450
1878246
4081299
1842827
1224657
2505795
6276277
4366769
7137028
7707308
518494
1211332
3174873
5520669
6095801
1251309
7574452
9239536
4341432
6511344
530117
1406784
3916216
4676729
7561624
5723273
3842206
1543746
7123159
1374539
4022186
5409993
9641496
9299579
6827091
9692130
1306700
674830
1323136
439044
4998738
1795102
5404134
2660807
5470575
7205469
8510856
4938528
1342173
133628
1559266
579125
9286341
574138
2623313
5201917
2120608
496435
2029981
3013889
941192
5823615
8451412
5319578
3850853
9264222
8227714
6495712
8109537
3185936
7995308
8559580
4769000
2708264
5033125
4951834
2099997
9774221
6693064
7397489
2205249
3394905
9013820
802647
4961324
7392798
3994283
4880281
254837
2112483
7668532
2852655
9153323
4178392
9669071
1825441
8341010
464179
6555059
1973165
7446658
1092920
7178694
1365473
8191552
1710518
2252781
296813
8200291
1464800
1498904
2332642
7064238
5377301
4920438
5183388
1010511
7324838
8481202
3019416
469141
9488452
9353819
1922709
4802491
9029042
9734431
236972
8536614
2522288
9470601
7707527
749326
4872470
8755361
6728489
3472987
9536571
1604180
5448127
4021597
5482182
6668379
9178332
1179824
5718657
7267107
5576330
559600
5317215
3954696
2840297
5119186
806185
306298
1061861
1998744
9798340
1432339
4693195
932327
9309097
8062488
482484
7679643
8129355
9943585
1032761
5108852
1854920
6848261
273814
2956152
2375438
7700366
6186470
1247693
8484922
6577566
5958163
5143627
9746400
9003256
2308466
1709015
6397349
171951
734822
7527059
8964254
5646683
4050385
683568
3361345
1761698
5558292
2573368
3833349
5840664
1439345
7503667
2275176
980604
3701958
9620433
8358472
2944704
2680327
3018340
7479542
4977772
9201415
9342276
7632319
8164110
80221
8617364
1017910
1206901
9173752
1133918
9813216
4067579
2014459
3628860
5290943
8487723
6312856
1092202
3431307
1367096
1677342
4595128
8245130
9410310
4733305
8420741
4196272
2101937
6662410
5987508
3162258
9593937
7283859
5290424
9508977
4566324
9385987
1172556
4810802
4050131
3770879
3436837
8312524
5657673
1784169
9591066
2060699
3945114
1888745
8539262
8326169
1084900
1502711
2563933
6820448
2973035
4577598
2464496
9764105
3232722
1326952
3790010
2244709
2798154
513662
2530771
1659771
7342993
367080
2156716
3239765
6269211
1819620
3369323
2925700
7371172
5392259
356142
2964982
8700496
5058274
4666542
5098714
4644073
4505451
4662654
3711874
4517568
7750747
3286009
1001640
6011934
2549219
2774985
8848986
9226689
4687006
8217081
8477046
3921395
57856
5002695
37712
2766299
5706723
4909674
7712593
294985
8777534
7422355
7890191
7115018
8056212
6236058
1101956
7533998
5793714
2546677
3150724
1444792
2155618
3230639
8769099
305899
9432175
5106068
1558985
9080392
6124610
1237147
929377
9551300
7606828
3642
8338180
643998
2172884
7022749
3160079
6170167
1822346
6128768
4763571
9827974
5468383
8746448
8667089
8014052
1354397
208846
3717794
7425870
1752823
7597604
8173000
9034177
9782056
74835
7221339
9882031
1448752
5265858
6962659
6236814
1060506
509268
5582680
8761625
4030718
1814313
2438905
2708716
8291454
1765308
4049896
3642072
3503097
7526304
477693
2924085
9207738
1206183
4626233
6134201
7978872
5541591
4044351
7216395
2398584
5411075
9095293
3981892
6343903
1353639
4206356
4140817
6642246
4141473
5307602
9252956
7611297
9836582
8906821
2934859
9353477
649083
9373705
1619966
6142767
4980316
1584565
3947772
8059619
8289733
2518144
9036200
5060439
7110574
8221549
5231292
8728369
1517160
7588186
6422750
546222
2787601
8265866
43364
4626807
2175298
9694083
7744235
9052755
5650804
1181084
9641143
9661871
9354678
5412133
3536444
2629161
8251716
1026551
2437962
7190263
4452077
1666533
3214217
8480470
5392358
4076252
9823653
9421847
7344826
4229842
395988
5992168
9806012
7633347
4188854
4631254
9869185
5585582
5954030
36941
3403532
6663836
7302065
9962173
4571505
6858860
7602408
7109210
8372494
4255522
9173534
9960166
8088719
9853611
9514933
1688483
2654370
5925692
2130164
9585315
1773785
7075138
5217165
6089372
7945064
4611853
9065818
6355523
8298669
8733957
3464164
9301949
7462335
2229841
8449037
1288823
6350478
7818402
4893173
7713400
5248062
7888266
451517
8167091
2937492
9140135
1791385
4599471
4443673
5509014
9882751
9039477
5121130
2262658
3363158
6775269
8741061
9194456
2295311
3814608
2676949
5894815
871119
1055436
1463590
910314
2987938
9172896
7642443
1627878
9458036
6834359
1620760
8305759
8461594
264128
4438560
4218009
5187241
4982764
4435632
6415776
5035590
5636646
2678338
8327327
9449259
2545390
9364545
7225345
7212319
4925495
1840012
516293
424662
404151
9217638
890395
273256
5473187
9568729
8908185
6901024
9429597
3042246
6813955
3860291
5977006
3534647
2243777
8158524
5979110
2151662
9972909
8268228
1591827
5290307
5355340
5472890
2928030
2758790
9463222
3553792
2861914
5338271
949186
9573523
3578804
9454938
5519477
8195468
9422288
5992663
4833344
3836119
8456743
6702774
1726861
1757086
3714185
7576664
4622074
622204
7501133
3394548
7548341
4392516
8878197
8506586
3524208
5648193
5568619
1648048
393624
2716505
6076380
6566631
280039
5232395
9287544
7543009
1148653
5128016
4498453
5074217
2451623
1611465
5783444
4018033
1620537
7768542
4416378
8737920
2325204
7970167
1479023
1515705
347312
1203017
424707
1408888
6420311
6087722
2024281
4299278
4709746
4822828
8590562
3606241
2890268
2738381
5765686
9061897
5126645
3755868
4802536
6256120
4249461
2096336
2758228
4294285
9848441
857814
4263927
7862290
8244414
27727
2784458
9074763
5098931
7496242
9613580
917323
3097523
788766
6997414
1300320
2020960
4811473
7875317
1809565
5612800
2640715
7990954
7477974
6942871
3001760
6232651
3430853
7997569
7459623
6960478
2979449
3825196
3932355
6549297
6691574
5358726
1889185
774551
1541343
4784059
8165154
1517946
8225121
9242851
4581745
5868361
9932686
8484826
9656807
6876520
7381346
4941362
1916354
7648331
1345570
4791812
278136
2247684
1905254
510408
3823942
2449484
5112168
4630942
8785102
1168234
7626954
7314261
9124780
9895992
259627
8204391
2212099
5833129
94355
2339307
6717606
8415682
9033574
4777802
5373029
787017
8355717
7877151
6275798
201634
4117833
8949081
7582467
6083821
1707079
773588
5910653
3571222
2966065
1680269
1799327
4946178
6928600
4916472
3496473
4483003
3135960
2973814
6901142
6180818
9304633
6275454
1880785
6392644
4158927
3925778
3515104
9457296
2099717
7479110
5840047
5414605
3501841
9979807
8459294
6070685
3809164
6566562
5023624
5151537
7281930
617885
2695111
3232528
3943521
4597297
2485541
324001
8986339
840115
8856837
2042878
1743645
2825613
5034258
5949554
4805974
3005859
6351461
6314800
8438252
6511047
2059869
1875685
4725636
4785013
978432
8181713
7412200
5432078
5124665
9173417
2110424
7311799
6025467
8107983
2932242
1636015
842571
7287971
6884716
6917851
3866083
2393914
2663150
6689058
2343198
9198054
8270440
7637508
3493217
9625895
4262637
463105
3446762
922862
2566353
1944279
7440039
3318246
391181
3371739
6220517
6214234
1271464
1543866
9945684
9635920
7534466
3592047
4609280
4580635
5972825
8396040
9817420
8035930
4806700
4065881
8261248
6017759
5491712
5017141
2162203
6924142
8080130
2171794
4283384
8068714
8761709
414665
3937314
5504986
6223461
1544398
6633628
1072971
2737726
279827
5446965
6186266
774422
393088
2469474
9569444
2890913
9712162
3189057
6992640
7920444
6770390
1861453
9151774
5223442
9496670
2536061
1767612
2699684
710268
2209509
9110309
8020707
3097263
3158403
7504887
5340078
9255833
768866
9198261
8042420
1881536
8036166
3894383
6613264
9530550
5748442
5300119
6127648
8795497
2091810
2165422
6983242
7236812
7025496
1977461
3815651
6029465
9461598
7181318
6230950
6404442
6286275
1302626
370042
1216528
55181
2374126
4013687
8335266
1766815
1485210
8483040
7622445
6261266
5176692
9811392
4793844
1956843
4463515
5785971
6661446
3690137
3138949
940654
7297882
8010820
8122680
3822172
9527330
2408812
7073386
4173396
5526859
8076483
7742300
9112466
11722
2586895
4521156
5862011
7303015
7367928
915844
5091488
5490057
2380868
8665032
6879289
1024365
581422
6983912
2138942
5932246
7503818
9843844
6149749
7295156
2244552
7763666
6260774
4027296
7524389
3951839
5134082
841325
3085921
9367223
4861171
5949440
514385
5103629
3454419
7034117
8984240
268149
115888
3293273
8694639
8959614
5887763
2673704
5685183
8782805
338407
4385162
7592053
4822675
7168380
3053595
7119292
3417817
527917
9469652
3792265
3874254
9697560
9129948
9185374
1206020
1371045
3056355
1197906
2469456
9473436
9650000
7536183
8687650
3122117
7502435
8171368
8361446
582866
9643865
9106815
3453210
9853921
4305782
9178272
9662822
4420202
1573392
6737719
3686514
5971204
1519616
6686816
3721420
8269741
9564961
5933265
6444375
1143162
222939
1124707
5347048
8571297
8028640
5437780
3668886
8746262
552643
4012297
883341
3675635
1101623
5867185
4275147
5724874
2623745
7414710
9667604
1215145
429847
8705353
1557332
4444433
2945244
2446106
1743694
1955107
3951292
8333438
1682578
3189257
8892329
3519714
3714695
7403028
7093013
1797946
8412818
7106263
3453284
5536164
3752450
948509
807025
2346486
4050320
6090494
7425794
1617078
570958
645690
6326857
3260286
9835132
2585593
2661742
1526398
1546780
1496167
9958642
1520808
8516688
8639708
3436830
6966439
4401954
6477624
4240702
1280288
3172549
5633290
9486439
9440295
5189078
5759215
1258283
8001653
2104835
200303
5031743
2874241
5343466
7207946
3550021
2111421
4256515
8338208
4209977
6271179
4687144
1162245
3185133
9759432
7487545
8078115
1444615
1036633
1426606
7648634
5370222
5715076
1438843
132303
3592781
2205657
2293700
4372224
1817771
3327822
1237786
1149400
3037001
2561653
6965473
1987790
6662583
1951402
7454493
5034587
3347621
6033862
948978
6125677
9627762
2461425
6876825
5770491
2488944
2496574
6591101
8943377
2513428
6921853
4175043
4781981
7915624
7344656
2380195
9297176
1473284
9403713
8361952
5618782
8614693
4584091
7292952
4228273
7422584
9578321
5969415
2795637
7199745
8200418
2630119
797543
6832886
513214
4842337
166592
9471668
5028675
2869613
6031718
2619842
4522592
1456550
5043648
3660654
1495731
1057798
5318503
9494289
181914
3129724
989696
336330
6246753
1212605
4835397
682189
8861288
609246
6391828
6481752
8697457
2693279
2951832
3151114
1453660
4864284
9063667
7925039
6733516
8053047
6124232
139413
2504044
9390093
7072185
6762984
9675176
268022
6190681
6652457
7836390
658608
4242880
6773969
2335933
7777250
4517316
2359131
4900382
3240422
9055102
7314480
8272010
1791270
2507340
5318890
7191718
4436815
5956260
8700271
850204
8173968
3981507
9329810
3163661
4593985
916340
1706017
8710772
4311544
5166535
7745826
6257065
9641946
3649492
5283162
194405
1235289
6264224
3890663
8084593
8572793
7606996
2119383
9294094
8634098
6573075
8222574
4531273
4046849
5910946
7739655
2704005
4162509
3444045
3159527
1951935
1656463
6847744
444296
9050625
5939241
8459655
9766204
589959
2063473
9306313
2037518
3113145
6470416
5230341
3515619
9205250
6993007
1077440
1201505
7287404
8133961
1988845
7387211
4585015
4987486
8098754
1838236
8514869
748624
3296659
1552418
8382746
2899124
759491
5046000
7340084
9300960
7621263
2322486
8809491
1473445
8166281
1890385
447933
8367090
4700719
8960788
822666
8581600
6421880
752452
4043146
1023324
8898714
5471989
5322261
3982790
7599259
5004937
3901543
226321
1725606
3473129
7213917
542604
5512985
1280339
5432669
6846353
7739176
4553214
8931478
5377693
1403432
3566577
4776103
306771
2362542
6524103
6479197
2785127
8064584
3790298
7325811
894695
9057849
3464136
3665095
2730592
2760841
2517962
858972
9624110
1854515
7287587
9980524
1209281
6616687
6628197
3347779
8744605
3906483
2716965
5281326
6082323
1446043
9514857
7906147
4505659
8515434
4420708
5584318
9148235
861930
6186263
7444418
7635389
9903364
7177807
927197
8559734
7912126
2698769
9032785
4272397
9402181
9463107
4747713
1513855
1743629
2450763
998479
3009216
8203128
5647227
3377194
1839022
3700689
3516637
8199084
2334313
1671375
401182
9738264
3762088
4797016
3306355
5343732
4592003
5432019
6345299
8512233
2558334
911675
6338518
6070774
2904399
9387538
2548313
6599786
2024886
932011
4956450
9509248
9840785
9988818
4353859
8981013
6991189
5537767
3277074
4043462
7921551
3713604
3605551
2884473
5678729
3841789
7260553
5063478
4563960
6864513
4876659
253399
9874057
8524408
8781460
5411809
6135206
1824517
1385417
8362774
699681
8408553
7457060
6598597
4115650
8168676
9459840
3706376
197555
7512061
5657438
1999161
1716081
3937584
8021927
7953562
3266771
9954633
2059500
1837708
2637731
7495704
6971913
6183069
789616
5099715
7519927
8211647
7698498
772697
1300641
6593685
9077073
4482890
3430877
4556193
6045163
2063612
8961987
2731199
5076077
2571069
8984612
4607297
5332124
6951535
4430248
7495333
9195656
7558269
6034983
9129924
5341235
8536373
5813487
7945323
6256674
7973946
6256581
7527621
5696501
9891498
7093366
9985010
3740320
4703094
1920186
632612
2918518
7917062
4080547
2571248
1117626
3010821
3365382
3545073
8755691
4457096
7632082
7782723
5693415
1430755
8409480
3249421
1911421
1625850
1764391
7922279
4729480
6919728
3650400
3954016
8458881
9269871
8320449
2564014
4553433
1065370
399067
7123364
3201861
4475045
4932738
8177360
2960843
840646
9674181
3409029
6199579
3813376
7854562
5855171
7622895
2715596
2315251
8838421
3983884
3138696
6106993
6345146
4110003
8433127
5768221
9603075
6904772
1603352
5259487
9663764
3465332
9822831
3191070
9108113
6619077
6988706
4796678
4293143
946244
5422316
8328884
541310
4946229
2668443
4039057
9423696
5305779
9015675
2300367
3333029
1500900
8093797
3864792
1322823
1657794
4643909
9076769
2608001
4883606
8462881
3884640
274740
8557694
1905656
5099374
6258661
983292
7374601
1789069
8126042
9671991
7282200
8077606
1971548
9185314
3951883
825583
8346516
9104937
6290861
4176832
1119894
4732662
4311999
7026636
862725
9605779
1765641
7342882
8852071
4497907
371150
5924880
3595252
6724620
4765383
7011493
4207451
6477738
3700487
3612415
775583
791844
8270877
324119
5900416
6723035
3983900
6516674
1706576
9417533
238193
1833840
4472816
7882913
3844837
2766608
6088100
6670566
688267
1816986
3200574
1948261
5314748
2196406
5989977
1753539
7662099
3146342
3203204
9749666
8632004
8645931
8413074
6229126
5557119
1156728
6788790
2601012
3976647
6160116
9064242
3341478
7611931
8739430
1106477
7538955
362275
171623
2997592
4044332
9312381
7103554
8015155
4705537
2061394
874947
4529014
93337
8948172
4670290
7329802
1280774
5013572
1031703
3668145
9580795
6295241
2180488
5845342
1277259
8276229
2738211
8266267
9432016
2857905
2421550
1368250
5316483
3007221
1424193
5656962
6678784
1693908
3119266
6239625
1213164
2485149
8775932
1827954
2624935
6634153
1840926
2566012
1739877
1841603
5259198
6506622
4679620
7903143
1885982
9104554
8068462
8943606
1556922
5491125
9620701
619478
639060
1434267
2834799
5567911
7086488
2379520
6966017
7396644
8906316
3334578
5754601
8540050
1568191
6321722
6372693
61235
7928613
4632363
801671
7191937
5808644
1070987
6315378
3886559
4046221
1831861
7535826
4721238
82903
2403100
9746423
1870317
9678078
2466636
6649588
8503470
4016749
1077122
3997114
6958063
9819528
9027779
3107048
4818760
3050862
5364560
6325305
4073633
6717881
5027986
2355638
5791524
2065670
6790464
3635006
8685835
6849488
7828046
9656594
2101516
8900396
4463845
3140088
2244860
9135823
3170625
89411
4684896
693862
2904243
5678446
7917577
7063644
6750109
7643588
8658108
4359349
300468
6320334
3189537
1195693
10107
799935
9487239
2816905
4640765
9128378
3600214
4008217
9089584
7408461
2750315
4096088
757423
6544637
2981924
1424114
9256368
3789953
6852258
7332939
8443382
4996308
2253916
9261896
7945551
9716864
6942751
8210739
773959
1306347
9832957
6366133
9457604
2225644
9356317
5539976
1328754
583740
6016682
3017937
2175774
2325502
8475914
3150609
7186856
9870504
7022763
9591386
7287177
4519950
5184196
4381513
1529381
7912155
5714364
7594492
2498231
4008410
314415
9008739
8498750
9905299
4403169
181743
641744
6514169
9437964
1936846
7196449
7087384
8452984
9394440
7451004
2912200
1266665
6544607
6217982
9297735
7601952
1257902
7507524
8723383
1685209
8853165
4784550
8386182
573957
4329855
4737725
1952617
2049846
6898484
5931353
8087202
376596
9744235
4220168
2147149
3480856
6601155
7603542
5167622
3898784
4484711
5783652
4945708
8614554
5889700
7794732
4414322
7765503
8267755
4853733
3366642
3179640
5092563
3968097
5957324
3666552
3379557
8084560
4694788
2919075
8315827
4116014
5022877
8035535
582162
1789118
7785992
1200169
6222905
2340888
2872303
503877
4393432
5720151
425193
6440539
2375038
2701811
2910684
6507746
495637
3605399
6422917
5637672
781309
9878651
1632423
6686898
2264625
6029505
5278884
9770412
1591311
6094048
7063432
8811251
4848828
8091047
6994591
778021
844577
6003787
2862408
535484
4946627
2244059
3032799
4962563
5842022
1871157
6726588
7864943
6282759
4054608
2198540
6089813
1382882
7111021
4083854
1249040
9108620
6712906
3205408
4774924
4584258
737229
7496869
8673743
8284820
8705753
6240111
5826235
9216220
4948932
1444483
5911015
4401004
4765678
1121324
1522212
9237924
613907
8791905
2262793
7921193
9004859
6532438
6438788
6901307
3936193
5699821
630356
5074222
7525418
4295437
5434534
5519261
2959247
1737814
411290
5174616
1954940
8928828
1943310
8412657
3367614
6309603
3993951
7175954
6322538
1481812
2055044
2742741
4719267
3766714
2265644
7274045
2437068
732921
1896559
8228769
8454642
2905458
9760493
5043282
6994984
3120995
5992539
1199539
3678468
2685499
7186828
4996935
6817398
8471992
4657089
3617040
3597310
1825297
7157180
2590995
3238652
2467992
7486859
4536543
7640155
1589227
6516387
3277129
6611873
7176655
7017783
557848
6873624
5961769
6369260
8815444
8032534
8416460
976292
9934696
8312513
9231032
196443
3639828
1579116
9166019
9648116
6670485
1901788
8697038
1557371
429764
5497822
2996871
445629
494903
1583458
5062194
2152090
2704549
6274458
8016085
3421487
8109007
7669245
8385960
6577985
4444534
5657504
8250371
9449212
452381
5043838
2113671
9612342
6949189
7258638
641837
1456828
4729700
4063198
1177116
7812878
2664025
7154826
8269667
6853999
2262284
3504033
7013284
8806900
6070505
6586082
8009388
7411812
6814752
263034
7061222
7240287
2973206
8437646
8695415
2949938
2881624
1378718
7893221
5586925
3986668
7819168
1999784
9114635
345273
5040172
5712936
5109403
3430126
1508039
9130085
5364803
6529361
3158715
5746748
9199594
2683639
7288110
7104666
1506781
9062447
1118623
9378919
5497584
6555032
4860599
4309541
6038559
6964844
6988577
9462389
5171161
9807825
5322161
1750031
8112405
4437269
1329319
3574052
4689265
9438319
2855118
8112948
3349692
9914123
9496778
7940532
9055249
2771488
3027998
2612650
4973015
6719100
8408413
5800204
9790652
5604309
792983
1505822
9802221
1711396
4012146
38915
3798434
129253
5367167
2448508
4414296
5545981
627002
3290336
2501303
8940553
6392922
9400625
7567630
3044175
8558926
9725390
3779678
4750133
2115021
2991135
8762677
2344409
4098221
9979892
845833
2809774
8025135
2499558
802899
6522171
8030414
715457
1300390
2125337
5907716
9881209
1939704
5476728
1551643
1550249
2212244
8720211
4153932
6201836
9180029
2876414
9216715
716293
822285
428679
7365199
8565029
4495153
9899538
5278801
4836872
8926315
2605000
8475536
4070710
9283828
2823053
400316
5049583
3478858
429825
5192885
8966996
3808258
3281873
6092669
1628879
6740480
2007673
5494131
7981684
5640086
6546287
6971506
779079
3961856
9052847
5316211
2869166
1522232
8457137
2714244
2195669
7297273
2475406
9281000
1682404
6845088
9131958
1878347
6646235
1073047
9051066
4836190
1855723
2025480
8888425
6458214
7634549
454223
9231033
1202328
3016444
224596
8805640
3006302
837063
6563021
8909054
342602
4994180
8153356
8719137
2951287
5485936
6033453
5732055
5458977
2349187
1459662
8476779
4802744
7919724
2769290
464578
8136474
6034984
8634127
2403097
5109522
9112281
6800813
9021718
4664302
6121358
1304048
6750754
8168972
7410924
668440
4499342
2070300
6322445
6529715
5714484
2451721
7634804
9388435
3510740
9552313
4523896
9359378
470197
8419217
6928412
6870838
2588061
5202995
7800553
8667530
210597
7350782
1657538
9964912
5634991
5518516
5921471
7522415
960904
4406009
1671685
8251429
50899
6588590
6648763
818461
998096
7390331
4231960
2356782
6251774
9352440
3901195
670700
1898004
9181355
4799474
6912247
2555721
9437069
6134562
4803308
6144373
5818714
492244
2693983
9711528
6495815
8121537
3155512
4673414
8122696
824903
7923875
1206519
5298449
6485913
9002581
977828
33743
6929693
359904
6033534
7130570
9127294
2342782
8191462
3710365
9463391
8874537
3486262
8810169
4450515
3730374
4797401
4815221
9464516
2730324
1405061
9293781
7293543
3505254
2895224
7784293
5650638
1768152
5382868
3277870
1511316
5843020
4867102
5450075
7346319
8285791
4214784
6374032
5868509
4135552
6051896
4954068
7167523
1166998
8355719
2955200
4157262
3160690
341427
3500524
6816615
7041613
2849301
780607
7135382
2306360
7574260
7203365
6914537
5084054
624034
6914327
3176290
1336815
7094391
9734483
222369
3263904
9937846
4944020
1565070
2247838
6523077
788513
1162686
7676931
2078358
340291
7457834
5444783
5980807
3825339
225112
3336772
6578615
1475622
2403915
6191691
3286285
5896861
6806342
5353872
3315400
5916248
2903344
2112677
8657088
8727454
6149704
3860242
6575075
2726510
6898365
6410572
9378412
1497343
2262214
6580491
2377052
9185333
1322807
5371427
8420015
9639692
5913951
3704335
7517317
4691657
2366599
8336404
760823
9383731
9202450
6898302
2456660
1328160
4256219
9263995
6040651
1535628
282417
5314925
1266616
27169
1371869
13422
8194234
8786693
5685100
7455989
5446018
5288293
305727
2211698
1566759
1902505
2992181
4856967
2258099
5433738
4694940
6635884
8713183
9290035
9696974
8430414
1959032
2939500
7116679
7454566
2257657
8076294
5708607
4073918
7511909
490228
194681
1221506
2251279
9960242
3303440
2799987
1454164
8987575
9395195
5572355
5113048
1269955
1791501
2104067
3816695
6808355
2397626
1382557
6211064
8867007
3305972
3239047
8633268
5836475
5166201
2219665
1353767
3137218
6591722
3083205
4200868
4060437
857191
7502678
405764
2128556
7647874
7109062
4751537
6280945
1248461
6172426
6738999
28348
2898319
2385192
7756768
1706891
7597946
2946955
1004528
2910506
3746017
3155430
4548179
9837298
3530860
4363851
2899703
2419624
9338235
4624246
1733614
4545286
6520412
7687698
8168557
8722392
7139705
819933
7291513
1433809
9115124
6588504
9058992
9094418
4444572
6418856
4451880
4892779
5404986
8004840
8707411
2366267
2223228
8844196
4205524
8002334
2488021
2960475
3063577
5605555
7845240
7181214
72400
2532823
3905623
964687
1883002
7912935
8783857
9794706
9579235
4197334
1386404
5666871
638481
8020404
7065274
6854434
1843057
3195097
5786832
3797989
6753855
529891
9956962
4415187
5810685
9915892
2029531
6677749
2556534
6152312
3835428
6527527
629224
8254933
3645678
9161433
5976395
3637013
9745313
1318342
9183650
4652300
5609275
9863677
8289774
5275105
9577278
387334
4774336
6042573
9221388
8100915
2548792
5808982
3137777
8734713
5909714
5817899
2708989
1756754
8734687
5412684
3033195
7465809
2996905
8559323
9295547
3285048
2637317
414377
3924564
9961228
4776194
4400320
8033713
8543211
1798933
5532366
8038075
5201729
2208326
3565922
9098260
8117085
9820875
8580756
4315294
7973648
5577580
7413256
8935411
5708789
958801
1191703
166995
4174412
9070639
7547487
4247737
4549006
6281147
617161
537282
3801703
5269184
2925584
2417533
9344239
5383466
2145612
2687795
5396336
6664297
9839309
279316
2379222
9570704
5490937
5770364
9031534
187070
7651394
6540005
7691355
7564015
8792459
6976643
5077033
8954733
875677
5327112
9224988
5612408
5595799
3315641
184165
4264041
4436869
4196505
7028781
4093402
9103039
1858415
4073302
884032
7516171
7311009
4749283
9056104
7224085
2660392
3228820
8240105
2271036
6347779
7025943
163185
5292639
8065038
2234304
489133
9998632
9423276
622199
1290518
4340360
7746324
2936372
1195842
1746064
1587832
5080813
9006572
9476347
7631973
5258639
7198452
6953998
7172994
8892543
9307377
674346
3711696
1140727
9980949
7943635
4932868
9317812
2783108
8350005
8254437
2461749
6984937
1969218
1441682
2974777
9581065
6959323
4899489
7281894
9287560
4491013
9804328
2449454
1027099
147448
8742017
9431902
8348778
2520148
2920245
1783893
9219808
2523608
7160289
1627950
7093410
2841493
3617878
2792446
1781841
5305327
3565359
8177568
6754721
7459496
3564819
9403281
5274584
3867082
5351520
6510561
4783670
4959518
5967529
3127562
9671644
4553383
7334668
9417410
1698824
5580094
8543442
801897
3179016
7411991
5663792
717977
2827085
3342852
4653468
2633635
3598200
3649110
9429445
6707164
6348708
8093118
7992028
5657633
2203931
1637180
5004603
9537566
3267000
9278007
6593970
5283406
8464580
8924940
3223398
9284645
6468557
6341600
2684662
4390361
216822
2694356
8338634
3105924
4736934
4118503
1280326
5129234
5494473
6380700
7722019
9392089
546371
7994978
5950145
3048573
1627981
2050611
9587753
2978393
567402
5224334
3531552
9214903
74072
6083884
6200026
3665671
2287948
3627852
310246
508140
4562832
8154599
1030084
2942357
6243135
5670988
5329554
7745946
6338606
4025136
7629179
6401633
3538906
3974066
2568351
1638163
3971741
9742508
9839463
1493586
9103832
4805256
7586939
4303662
8586416
256545
9989321
9841796
5901671
3342670
7094447
9481866
3938980
9949288
8564099
8305994
9721747
3666782
596550
9371846
5131143
7520661
4413335
9074960
7733427
6845212
2870179
1311444
5081240
3214144
8729704
6913476
9322006
7881664
7191994
3088450
5380241
1845110
3129813
6810146
291351
7519478
1323742
4531999
2767977
9347467
8459828
5417279
404676
1022491
9662175
7182979
5073963
4118140
4935921
1292352
6568318
7827363
4773504
6955048
213058
5234926
9020500
2878757
3850908
7129242
2967688
7144681
1442219
6857354
1481236
4407939
2736821
2507421
3150077
5640678
6272408
4965039
1898279
6118468
4004570
1667360
1226117
6365379
2802511
5216037
5984430
7953600
8816861
3740759
9244516
9884503
1022307
4135828
8973841
3123629
7009026
8338292
6761373
7934011
10944
2768828
8291751
2545612
3855883
7893155
7176534
6903967
3016105
799475
5521484
1468962
9102901
4956404
9274836
2329786
4658306
8840523
9962030
9810226
2404431
8826155
6424510
8455349
6219067
3690960
4842236
4165620
5036064
4873935
5384282
8119420
2488351
4589211
9124448
6290444
6899879
8701046
7839458
252135
1489580
6036242
2402149
8868125
8174207
4979563
7521805
8742322
8316827
3043312
7517011
7584495
167211
6952430
139392
4465954
1034399
2139729
7379091
1884993
5013
8672009
3982930
3711431
4946494
8437760
5660762
3369672
3602174
8540124
158489
7904138
5001544
5484352
1654841
3201573
9307914
3727267
7614697
1729667
1758698
8929579
1938307
5775864
9172989
8667994
3352387
5886026
1785716
5343260
3193816
3324930
1046844
3075306
7150741
9831654
9216692
9970348
293972
6539298
7700055
182637
8065101
6171404
4320107
4527478
1460747
9183633
7790072
1341152
3771127
4801327
8268402
9409415
970198
3813789
1096572
5447357
2154307
3913576
3330051
8199417
2180914
6370258
191972
8438854
4683349
2838516
585737
4197910
4496711
9069170
6755362
9399768
5340772
5770407
7068661
1957387
915291
9623428
3178256
3156551
1497422
6963148
4476431
6568716
258244
2105851
2416437
987250
6544791
8411438
5503105
7541237
6336496
3077105
3763481
8552311
7087955
337215
7250936
2836148
8436478
2326351
5551356
8965914
4326619
5140549
3101522
3303723
1522681
401995
3235999
9296797
1225829
978039
3590835
5273299
6298420
2856657
5158371
1359691
1148695
9724852
6541973
6278296
8897044
1769710
902114
4766383
9431217
816321
8849114
7399427
2176610
125087
4091070
6105692
1585325
7437645
7261639
3585896
1835518
290921
2566880
7810672
1009688
9142342
8650486
6961179
1317367
2841878
6895210
1782216
3545054
5875023
7337010
4846000
1671391
1717469
141552
3144193
8402601
5986291
8219371
4097
364124
1337237
749305
1085543
9622120
480397
7551929
7570021
7455607
1303561
5263270
3781976
9780690
6750854
8038082
6798619
3705110
1599542
8710496
6388468
6030102
5286206
1511458
2144285
8408307
5583721
9866065
5585715
1173852
3308111
5959273
4894079
7869959
1587057
9848581
8044915
9195375
2971588
6943566
1803385
3747685
416967
9677327
2221497
391005
5195924
7408213
9896442
186193
6726409
1489507
2126931
1227035
235326
5181352
2976900
3193901
5882162
2412698
9180840
1202366
9311961
5489112
8669477
1259586
9512773
756036
9195336
4063950
2015498
4306414
5910974
1588745
5716009
7625725
6541759
1584818
2934778
2360967
5082570
7049136
9819087
8101274
3646085
8247158
7687537
1294157
196952
5401445
8806642
3342692
6215647
522151
963653
2589373
3191874
5290390
8487057
7118670
6334606
4343800
1534009
8827463
6906780
1418599
2161959
8492783
737449
6561114
7569553
9738580
6732111
7998685
6907966
7008294
5277426
7798556
1344527
510018
9327221
3478816
8458518
6134222
4535796
627556
9894391
8314569
5812077
7880503
1735734
4579435
6982790
2363769
3995261
8672359
8535250
8583198
3534066
4001416
4556172
7415743
2628730
3155298
6589966
3134291
2372834
2339018
2445574
4717028
5359837
5211272
3825875
7238428
166639
7207128
6618582
290160
2533058
3505992
7986295
3155830
2725497
9983465
1570100
2917462
1239483
6482612
8798790
5675538
6977804
1719492
8158347
1691722
9808634
2643224
5270410
2042725
984065
2129601
8857647
8365317
8384401
2566299
1553399
8955321
9738228
2126140
5593529
1168932
6014459
4518244
7492346
4313732
8569451
5698539
448771
6157042
1555223
6545383
3035954
3624855
5619969
956900
6003247
7065721
677977
6584306
2707679
7606915
5999275
3640633
2587484
5865088
6324770
8420032
8549246
3767338
4481801
2960270
2540359
5644379
3603607
5611188
8775629
6650286
9009946
7099925
3341835
1681921
7714112
5141416
5910956
5903228
9715970
844355
198037
4573968
3390974
1870520
7150359
4897697
4895098
9059909
3167541
5654563
3620125
1982385
5961708
5661992
9397901
2485184
7886604
7523434
1932743
8370413
70646
1211739
1345868
3029147
9923924
5458674
4771707
6565246
8632169
4280360
344002
9466904
738229
2400520
8550785
8652543
9004271
6186604
1511032
4604762
6819640
700042
5523179
5478915
3053185
9465237
8049499
6975288
4318423
5754259
4843778
3472491
5207488
5738375
8062622
3889983
2342669
2576079
9479514
6703668
8554129
4223138
7194313
3100408
6195026
5248795
2137647
2732075
8157457
3687742
4666962
3263915
3084835
4222290
1260217
6678165
5970016
9583133
8910279
773708
9051851
4026632
3688883
5191406
8150292
2551391
5903551
8517200
6070460
5352537
1298018
8223580
8359783
4583408
4094608
5695728
9042364
1436171
702304
7964520
2031687
5903973
6017826
3266854
972736
6313089
3241929
931799
8936887
1471727
8020887
4518276
7405002
9789481
2723378
5409779
9094144
2345766
6449818
1109017
407821
6647909
2463621
239027
8245055
5485263
7964803
5497916
5938468
5125274
6672022
3815182
5821675
3272981
5377900
9912772
3031124
6475235
1494180
68419
7044748
2152299
1637907
3152722
9687147
9898704
5716929
4371376
4120978
7749594
84656
7503188
4911690
9082687
6115872
3441738
6242095
4634117
8121369
401179
5829271
418784
9277525
6475460
5579605
2511239
8127104
2655950
7559498
2475337
4678872
2753852
2903153
6886987
9429421
325589
2046163
9577474
7789999
5639293
5327192
7926078
2545711
5394338
4101123
9864836
8026240
4577683
2472813
3606346
671448
6995799
6401958
5929045
7686116
5412166
5590232
7385236
4566821
163031
7679542
8318115
9693702
2338730
9690209
792251
2466844
4939748
4837889
3322993
1192153
9840031
2349532
1312248
4090105
109675
316556
5394981
5268001
6872333
7424627
2710094
6085608
3044623
1655224
9199687
7413483
1522476
5735637
1135043
260582
5308657
6056186
1514655
7031207
1182205
5377906
3575470
5226507
4787435
1385343
7398434
3071608
1316182
287431
4627698
6942595
8337217
3330742
197602
1476634
2841252
9720067
1285679
6347991
8925289
2614381
2716462
7923790
2333271
7494020
7963772
8517738
8884393
8126623
9545420
1674311
518064
7088730
2896498
7354800
3590697
4324510
2756132
8452358
4162323
3961422
6710374
6772627
1663431
2352492
2535474
533446
8856274
8474211
4219745
1504663
1251721
4551451
4020889
1495437
4919513
8381736
9719330
5626393
4761969
9302766
7215268
5544148
9857242
9834525
3246244
7924411
1723705
2766825
9625340
3805184
2277183
8177218
8733458
6844171
7426422
654995
8960705
1130047
6993579
263054
145913
4337296
2661635
5509814
2276086
5141990
8388582
2761487
6465450
5818388
2071295
4186948
2433561
2047739
9140848
4806198
1834961
8922028
1286233
663748
2490555
685777
222412
7596626
8153300
6188311
2455994
8529377
3045673
7168257
8197839
9323706
4583829
3286848
7083802
6998298
222208
4930097
8126435
2266357
6852703
5046425
4124491
3531713
3077520
9121590
9000454
1194633
357715
7174668
9594024
4284109
5955252
759271
1016734
4320578
9125793
4910310
3914849
1576069
3259482
2544306
8810787
6506656
9471697
4038453
9949135
3323033
4793232
6095192
5613057
8158383
5960947
2617139
2734738
2890436
5263631
384041
3266280
8136424
1708099
4132905
4728702
2650693
1184840
5043489
4444750
2001771
2530590
1689907
1406944
3454288
4934839
2936813
8996186
2153677
3281059
6885809
339887
3012751
7909410
3313935
5609599
8457665
3561572
3837815
6922689
6812281
4517480
7723911
5304318
4852850
7400961
5540753
841063
7293982
2242578
1554004
5489970
4063601
7808001
5345993
8652762
4346551
9328064
6613665
6677251
9897019
4984811
1496611
8180311
4603411
1395251
8960566
3689783
4442837
4965223
8765563
7292007
1597831
5466825
140480
6961130
5522074
2384855
8736600
1429222
6341142
5499708
834034
2970848
7789785
275935
8599744
8592405
315388
96498
8042823
8945192
5166453
3863244
9183341
8195858
9942216
1757097
4637576
9779989
3127971
974928
6513941
3791171
4501450
4152116
5150825
9933562
6015758
8337715
2653320
822301
2843393
4464226
101861
2528256
8538785
6624216
6849157
7308697
8327750
7683761
4954626
9728263
2190394
6140086
2863021
3918537
9493713
9099459
8172381
2001887
6892827
7323368
6855174
2323521
8939302
6761650
5150769
4765327
9435578
3955808
889263
2404810
2949069
3963428
4404001
9912127
5386826
6268292
8200908
7222167
9242871
6210648
8090654
3037536
5359618
9499940
4432202
5468983
5243081
4216745
8258834
2276991
2088116
3721917
9617823
3134209
1029697
1084903
6466334
1493485
5971088
6905546
757070
1547754
2383526
9655466
7322725
2121571
2456935
9756360
4654506
2161744
1716627
5671727
8942526
7780849
8964989
1162605
3886778
6867035
9772964
3542575
5601072
9492611
6081151
5188123
3672671
7799870
7649141
7730170
6736849
9242851
8973004
490165
3946201
8223983
1711662
9311115
3650613
8207986
8205485
5480742
8473156
5699116
6245572
3159725
1912082
4444859
6959556
1423846
8370030
2019291
9029774
2238879
7682976
3038467
36800
2752942
7224267
2767524
3485021
4829321
6551636
5170979
4124635
215439
3835087
2033113
8378859
6111567
2812231
5630406
3690840
7986753
6761532
3214203
9287385
1820007
5984537
469387
744195
3534991
9606143
1939562
3606310
9555876
7426988
6322310
7832307
6921947
3066433
8651227
4900195
3417349
4346876
991728
6691537
1234402
2677912
3478463
5018245
7753269
4754243
6826159
6203251
4611689
8793442
2630619
7401585
4170637
6345009
4775445
4724604
7521821
3459293
4708831
7748600
6722587
5721578
9413566
5474607
6732466
7498198
4104447
430567
3862062
2396971
4492349
7890734
5337163
530607
1344039
9573929
8358541
2561149
828952
500669
3929225
5177670
7067308
3726989
7571437
6959058
9672050
3517247
8967068
2983341
6471175
5508010
7493532
1010786
3527967
3877309
8518691
3701640
4174509
4986698
8498370
5191147
9416113
7681662
9123291
3641839
2265873
9290482
4047616
6831662
668363
5688956
4768235
4467639
9769685
3644835
1341683
4011087
8534768
6114473
1067988
662723
6554357
8337276
7119182
6827743
385700
4805230
6713268
5758424
3397698
1780904
8652130
5393381
3005383
1373810
7040992
3258977
799925
1520053
5352497
9352352
9375075
9882683
7862512
4380024
3171148
7164228
347450
864460
4920411
2312836
8025127
7831735
8560705
6777595
5555260
1662143
9718953
3911055
9322413
8811285
8892377
6861822
6108707
2975989
5990116
3121324
849321
1819144
5816021
7323431
1256766
1760855
270720
590962
5531573
2777057
2855995
1793943
2110651
7556613
5165251
2097807
9548263
8580967
2932182
2110825
7911627
64383
1581002
9832073
2521909
6415447
6502213
9576054
7906405
3536558
7973936
147452
6274662
9061260
8163729
2992345
3544994
7210703
1990926
2494784
2386799
9521255
7416707
4988604
4233083
4413421
4959848
6619437
3066094
9241353
3940597
8913028
4747223
5590691
6271700
6189724
7619162
1194695
1035105
9099268
6810068
7608492
3764759
6229897
9400848
4434804
4298383
3649531
6581389
4470513
4098343
6774904
1014315
7435599
6703134
5692017
2966970
439422
7136448
3527754
553597
5779023
3085643
7982155
4621954
2569619
5004100
915383
6114503
1886204
9528137
3715672
4032541
4097596
8323163
5840311
7944950
4746038
9912898
123335
2384762
4158902
1453819
4733065
4175887
7219846
1528478
2777807
9661912
5296516
496965
8350232
3791814
6570878
3009369
2019381
7043246
5898837
831740
2698834
8059973
2249968
3706260
3434572
8381057
1784149
8762467
1550192
2584189
3608883
1978043
3778982
3268205
5877142
2733538
3914957
1788178
7763925
8951925
9366131
6696255
8700368
1322670
744257
2284746
8662447
6159243
5655094
3801973
2032197
3951511
5635416
2557392
2604432
1958364
8152019
3860502
1688799
9185768
829634
6713810
6404513
9833782
6482520
9930923
5094187
7430233
4404041
5046345
2976597
434347
4112635
6306308
7214479
566836
8502274
3099067
3404865
1229784
5606336
6488636
6356350
5839833
1193611
5249383
7194145
9713224
6978947
7758339
5252781
8707236
1462390
7893526
1264753
1886382
5394069
7406702
8058752
3193058
7536758
1169236
6778987
4145389
3784480
526322
64757
7579079
9377664
5144564
8821406
1087823
532673
1827014
7215399
2988975
4735037
847050
219145
2735883
8375804
4261649
5043547
5212535
9268401
778037
1928027
9559868
4355435
1338366
5136511
6646204
3125338
1677487
8305865
1971818
2200804
5618108
7735146
1065745
3632225
3559821
7071016
4072609
2437410
3149974
7513426
7955696
9973189
4619731
1026890
4114307
2684477
5264269
2111260
5307008
3310750
7125900
1228639
6777105
8020626
2817454
2176239
9918170
151802
55846
7715265
8673709
4891995
7077382
209836
1247016
4751290
662171
6450410
7166481
3501239
8496960
6030245
7024797
7693815
2581424
3302544
2257194
8730716
9245232
1002384
1959558
4914474
5936679
8807829
6215242
422151
3402485
6425314
6372985
3880942
6992715
4220024
1812130
1565679
12546
8252251
5856191
6935471
247091
6493278
7624953
8338860
3369962
9204727
8055075
5568143
5399327
97892
7829863
3864642
7049589
6536156
8700252
3510727
1643757
7641373
9287444
240569
9842194
182784
6170474
3249981
7504047
4021339
7795428
9422890
2687170
4072138
9917622
4761513
7725246
1119332
3858905
4767361
9322494
6996871
8925263
6250596
583536
8133156
7289306
1808469
8693536
531772
7872551
6415238
1037578
4340811
3229886
6213114
276917
6987187
1144017
1334741
2944472
6318184
5970512
2974109
257026
2566655
6278477
1710820
8833549
8340262
6419959
3864616
3239232
9636339
8941908
2730130
2890495
477847
2388630
4312991
9639858
1211853
7528600
7485159
3239243
273824
6953277
6512454
950158
3607248
9537411
2336145
4665915
7758431
6473509
4725399
6400645
4118599
7231922
6512555
6410488
5728443
2515068
6253917
9530873
705018
3730208
1858878
2620447
1985868
7123667
3999104
5936740
7549424
9146649
2195739
7037144
323987
8055558
9183696
3544539
8948931
4219546
8997750
8182423
491787
2364016
4019217
4124437
1780208
7733957
1816932
1598222
6691945
5382795
2098970
9171881
4885564
6631014
7734984
4168681
1725968
4260463
9141501
9233897
3435270
7875021
1609534
5875765
6674716
5369159
3571803
1020670
4647327
4463359
4175779
8747552
4202605
3605141
1051952
791837
4936902
7163520
3162045
7582108
5249855
1302795
3888618
7990466
3785634
7476361
6191410
7155475
9908043
782790
1313218
6062662
2905680
6683669
9462435
3554854
964734
3559843
964773
4536970
7509543
4567797
2868594
6965816
6093411
7826267
5817230
7856895
3954035
1532496
4758520
5518342
1293721
8854725
915448
4607060
3389135
4788336
47085
5827268
9384558
5449080
9929411
2505380
6286217
7648701
3811680
1924172
8589449
5740476
8279640
4570814
7940889
5416915
471766
9346658
5370058
6742811
6008066
9953246
5636972
6497037
3998385
4938399
2901042
6433934
2708047
6774109
8078821
6065043
4071557
4426863
1558476
4144648
60712
6599333
5275190
3596772
9143389
1492078
2899972
2273507
6283353
3853616
9073826
2385588
3382178
7097005
980483
9075691
7071480
3144543
6982933
9506078
4792814
6576791
5120824
4668543
3423720
983823
2900467
5550781
4423576
432736
8464308
4441228
6262344
8242141
9173288
9488298
2040700
6452414
6871942
6075176
8384646
710533
5347598
7688584
2372068
715765
2195440
5018171
439111
5868822
5130720
5036156
8866961
3123643
6266588
8112445
5374596
216787
6717534
6802076
3310453
4351063
2993729
5864348
4198330
3961336
5181776
3076838
454415
5541651
6425706
9160153
298752
6939421
476771
9568305
6585427
679568
1406660
701644
2370059
3400628
4400759
8273960
6247087
3346526
2423600
9786043
3761449
3830276
2202366
9297711
3016208
131040
5327909
8506156
804715
5109298
7927620
1323544
2396228
1911738
8933414
53763
5864428
1142488
8750747
7661197
3608733
1370053
1457353
1404765
9668533
9733474
318181
7395667
2267599
342054
1277470
1494302
1591813
226273
269404
9032400
7010747
2170678
8496275
7239742
3125045
233640
3809270
8248558
1272114
457442
4440137
728244
4623951
8486503
3576114
3371459
3180167
8840035
7296048
2983821
2331869
2256788
9252486
6131327
4575229
5868396
4471341
4605092
1000839
1008129
3100486
8556955
8225593
4610846
7244814
5973305
2184461
8827282
1303416
9647156
8994010
1409318
4212710
7323603
2034072
3629434
3939993
8495794
4287214
6450255
6498156
4691348
1205846
9979198
2354477
343247
6320658
7207631
9222358
2511529
5689158
4304400
9952705
3461490
4464075
1364914
6788338
6248543
4823366
7927261
7470640
9413147
5032453
9560395
2586031
4555965
5632505
5958580
6730255
4626892
8245392
3901226
7809465
454848
4067583
9416634
7446441
5460559
2676313
7866275
3281203
6245297
3761357
2262275
4382531
5263846
116197
5814270
3585036
7473055
7181891
5375707
8180133
2830453
4415706
4062495
1246336
4088808
7917451
3735906
1408323
7139759
4147648
9497734
3241675
4152342
5361157
4860953
6954844
9386687
8258030
8271584
2704850
262725
5242720
6444789
3733624
62257
1489271
4324923
49128
997327
8848723
3965407
9711985
1826781
5471125
7053024
5181931
865531
7665095
3977439
2179296
5027267
402916
6423457
7220688
1548641
1552077
6871425
7308019
136971
4008801
1467858
9395675
2273049
8487471
4023197
5274018
359270
691760
7418676
5721658
4118450
531576
9093899
8638352
1230052
8527992
4213944
1460490
3777477
1998329
9804244
955420
3702306
3105124
5279914
4619560
3395964
719804
7064378
6663256
1959826
4406805
7323384
2017302
3253365
6943361
160147
6576324
2506486
2629471
591393
7369846
6802810
1853088
9900995
4520211
6997186
3877364
4588124
8535645
6756438
3941652
442091
5689621
8301140
7732193
7551604
8868299
9550563
5923935
5339310
7983145
4362224
3459269
1316996
1711868
60848
5531189
7630014
5335671
8753352
3551731
1515613
6755908
6633960
8232493
348218
434651
2126941
4379106
3234216
9343850
6132980
7130767
3194894
5342495
5529753
1200703
2172258
5815019
8102563
801180
1688218
4990481
5180358
1776570
471043
1023508
1557157
9927627
6654855
1540244
8116362
8081276
8549074
5415322
4254348
8081139
8930737
34807
482528
4876930
3558658
7266233
9867972
3357407
4677919
389465
9886206
9644880
5822188
8529902
7912669
9149054
1599887
8391602
3045354
8481268
1854817
3254916
7145998
4412863
8492004
4887045
2723740
7186511
9977321
5892940
4690776
7804246
5489164
3247799
7215124
660550
1927501
3356200
1604584
3177266
4481374
9381984
9442666
3362921
9544450
8296994
9387680
5946887
4202616
9372755
3940145
933280
6496262
6944767
773974
2591880
2962919
2156347
5142400
3007076
6305104
1300242
1793098
5922610
1709749
94873
2115000
1099520
908691
9506538
9727172
1697182
37565
4388836
3813637
8178657
8871276
7043067
159960
3354635
8101286
3202965
5151797
777460
4087890
4167045
2435590
1943416
8924049
3183596
4362589
2522576
1088987
1731852
1010970
7747352
4275882
5280132
7673282
5329258
7189670
7984257
1422208
874280
2995827
6429437
88299
7618676
8033454
7382086
6921954
5648353
4508207
3970299
988766
1813976
1858186
6725910
4855460
4109868
6601388
3013743
3962662
8028602
9888375
2116691
3472614
3838810
4400532
226451
6572219
7000799
7207283
185943
794397
3461084
7650012
9738679
5379954
1036434
9842485
5673291
1763878
1422417
2969367
4033346
7830986
152722
696090
357752
9832052
1392086
1257121
899094
6780479
401423
7646194
2171505
7124933
6006124
6393057
5645061
4150578
6463681
7213447
54068
3720705
9854682
5331312
8866328
152112
1810575
6834272
7657019
403151
1941887
5540399
7096735
5285529
1907612
5190891
9646260
9351588
1580675
7870623
2432166
5720150
1366328
1214389
2142203
8788466
9187378
9946990
7496141
7087423
768844
5135001
1929323
4408795
265470
4073299
5317522
7469370
6414891
6456266
4261402
8963630
6874583
2986704
9641957
6347855
5582007
4151575
9410244
693209
810086
8898954
2566844
5408651
7716325
114072
2105503
9612879
663800
8866001
3271129
8225443
7106073
8718217
252544
266612
6296416
9382926
3535621
2594540
9817169
2382945
5737360
1878414
7674789
4303910
7833793
3579528
69592
6437516
400516
111555
1501934
5831820
2371804
3397929
6552575
5644395
2032522
8831933
5649175
4625986
2825581
1954022
9073373
6220637
2050647
4930748
619403
1423439
3057352
3759826
9016566
5326596
8351735
4440399
4472258
9151740
7558943
401690
1890781
2737187
6661446
5146405
6459314
3360875
9625936
7389773
7119355
5451970
8524382
1051752
9008525
300551
3075874
1059563
4097267
9240506
7678421
4755230
2161173
3571799
3161715
347782
5195264
4244118
9302801
8907343
7090414
9527901
6695695
1520163
4382575
3165148
5388352
4102326
5892685
5085918
1480957
1942347
8223070
8285310
2994380
1758332
9633561
7058217
8027589
4769656
537439
3950204
1646297
3730197
2613382
2999992
1017264
2211054
4857287
9655829
3794500
9142821
1565627
2900632
8373939
6143384
5693209
3556256
383663
1414057
1684814